[0][0]: 1.250000, 3FA00000
[0][1]: 2.250000, 40100000
[0][2]: 3.250000, 40500000
[0][3]: 4.250000, 40880000
[0][4]: 5.250000, 40A80000
[0][5]: 6.250000, 40C80000
[0][6]: 7.250000, 40E80000
[0][7]: 8.250000, 41040000
[0][8]: 9.250000, 41140000
[0][9]: 10.250000, 41240000
[0][10]: 11.250000, 41340000
[0][11]: 12.250000, 41440000
[0][12]: 13.250000, 41540000
[0][13]: 14.250000, 41640000
[0][14]: 15.250000, 41740000
[0][15]: 16.250000, 41820000
[0][16]: 17.250000, 418A0000
[0][17]: 18.250000, 41920000
[0][18]: 19.250000, 419A0000
[0][19]: 20.250000, 41A20000
[0][20]: 21.250000, 41AA0000
[0][21]: 22.250000, 41B20000
[0][22]: 23.250000, 41BA0000
[0][23]: 24.250000, 41C20000
[0][24]: 25.250000, 41CA0000
[0][25]: 26.250000, 41D20000
[0][26]: 27.250000, 41DA0000
[0][27]: 28.250000, 41E20000
[0][28]: 29.250000, 41EA0000
[0][29]: 30.250000, 41F20000
[0][30]: 31.250000, 41FA0000
[0][31]: 32.250000, 42010000
[1][0]: 2.250000, 40100000
[1][1]: 3.250000, 40500000
[1][2]: 4.250000, 40880000
[1][3]: 5.250000, 40A80000
[1][4]: 6.250000, 40C80000
[1][5]: 7.250000, 40E80000
[1][6]: 8.250000, 41040000
[1][7]: 9.250000, 41140000
[1][8]: 10.250000, 41240000
[1][9]: 11.250000, 41340000
[1][10]: 12.250000, 41440000
[1][11]: 13.250000, 41540000
[1][12]: 14.250000, 41640000
[1][13]: 15.250000, 41740000
[1][14]: 16.250000, 41820000
[1][15]: 17.250000, 418A0000
[1][16]: 18.250000, 41920000
[1][17]: 19.250000, 419A0000
[1][18]: 20.250000, 41A20000
[1][19]: 21.250000, 41AA0000
[1][20]: 22.250000, 41B20000
[1][21]: 23.250000, 41BA0000
[1][22]: 24.250000, 41C20000
[1][23]: 25.250000, 41CA0000
[1][24]: 26.250000, 41D20000
[1][25]: 27.250000, 41DA0000
[1][26]: 28.250000, 41E20000
[1][27]: 29.250000, 41EA0000
[1][28]: 30.250000, 41F20000
[1][29]: 31.250000, 41FA0000
[1][30]: 32.250000, 42010000
[1][31]: 33.250000, 42050000
[2][0]: 3.250000, 40500000
[2][1]: 4.250000, 40880000
[2][2]: 5.250000, 40A80000
[2][3]: 6.250000, 40C80000
[2][4]: 7.250000, 40E80000
[2][5]: 8.250000, 41040000
[2][6]: 9.250000, 41140000
[2][7]: 10.250000, 41240000
[2][8]: 11.250000, 41340000
[2][9]: 12.250000, 41440000
[2][10]: 13.250000, 41540000
[2][11]: 14.250000, 41640000
[2][12]: 15.250000, 41740000
[2][13]: 16.250000, 41820000
[2][14]: 17.250000, 418A0000
[2][15]: 18.250000, 41920000
[2][16]: 19.250000, 419A0000
[2][17]: 20.250000, 41A20000
[2][18]: 21.250000, 41AA0000
[2][19]: 22.250000, 41B20000
[2][20]: 23.250000, 41BA0000
[2][21]: 24.250000, 41C20000
[2][22]: 25.250000, 41CA0000
[2][23]: 26.250000, 41D20000
[2][24]: 27.250000, 41DA0000
[2][25]: 28.250000, 41E20000
[2][26]: 29.250000, 41EA0000
[2][27]: 30.250000, 41F20000
[2][28]: 31.250000, 41FA0000
[2][29]: 32.250000, 42010000
[2][30]: 33.250000, 42050000
[2][31]: 34.250000, 42090000
[3][0]: 4.250000, 40880000
[3][1]: 5.250000, 40A80000
[3][2]: 6.250000, 40C80000
[3][3]: 7.250000, 40E80000
[3][4]: 8.250000, 41040000
[3][5]: 9.250000, 41140000
[3][6]: 10.250000, 41240000
[3][7]: 11.250000, 41340000
[3][8]: 12.250000, 41440000
[3][9]: 13.250000, 41540000
[3][10]: 14.250000, 41640000
[3][11]: 15.250000, 41740000
[3][12]: 16.250000, 41820000
[3][13]: 17.250000, 418A0000
[3][14]: 18.250000, 41920000
[3][15]: 19.250000, 419A0000
[3][16]: 20.250000, 41A20000
[3][17]: 21.250000, 41AA0000
[3][18]: 22.250000, 41B20000
[3][19]: 23.250000, 41BA0000
[3][20]: 24.250000, 41C20000
[3][21]: 25.250000, 41CA0000
[3][22]: 26.250000, 41D20000
[3][23]: 27.250000, 41DA0000
[3][24]: 28.250000, 41E20000
[3][25]: 29.250000, 41EA0000
[3][26]: 30.250000, 41F20000
[3][27]: 31.250000, 41FA0000
[3][28]: 32.250000, 42010000
[3][29]: 33.250000, 42050000
[3][30]: 34.250000, 42090000
[3][31]: 35.250000, 420D0000
[4][0]: 5.250000, 40A80000
[4][1]: 6.250000, 40C80000
[4][2]: 7.250000, 40E80000
[4][3]: 8.250000, 41040000
[4][4]: 9.250000, 41140000
[4][5]: 10.250000, 41240000
[4][6]: 11.250000, 41340000
[4][7]: 12.250000, 41440000
[4][8]: 13.250000, 41540000
[4][9]: 14.250000, 41640000
[4][10]: 15.250000, 41740000
[4][11]: 16.250000, 41820000
[4][12]: 17.250000, 418A0000
[4][13]: 18.250000, 41920000
[4][14]: 19.250000, 419A0000
[4][15]: 20.250000, 41A20000
[4][16]: 21.250000, 41AA0000
[4][17]: 22.250000, 41B20000
[4][18]: 23.250000, 41BA0000
[4][19]: 24.250000, 41C20000
[4][20]: 25.250000, 41CA0000
[4][21]: 26.250000, 41D20000
[4][22]: 27.250000, 41DA0000
[4][23]: 28.250000, 41E20000
[4][24]: 29.250000, 41EA0000
[4][25]: 30.250000, 41F20000
[4][26]: 31.250000, 41FA0000
[4][27]: 32.250000, 42010000
[4][28]: 33.250000, 42050000
[4][29]: 34.250000, 42090000
[4][30]: 35.250000, 420D0000
[4][31]: 36.250000, 42110000
[5][0]: 6.250000, 40C80000
[5][1]: 7.250000, 40E80000
[5][2]: 8.250000, 41040000
[5][3]: 9.250000, 41140000
[5][4]: 10.250000, 41240000
[5][5]: 11.250000, 41340000
[5][6]: 12.250000, 41440000
[5][7]: 13.250000, 41540000
[5][8]: 14.250000, 41640000
[5][9]: 15.250000, 41740000
[5][10]: 16.250000, 41820000
[5][11]: 17.250000, 418A0000
[5][12]: 18.250000, 41920000
[5][13]: 19.250000, 419A0000
[5][14]: 20.250000, 41A20000
[5][15]: 21.250000, 41AA0000
[5][16]: 22.250000, 41B20000
[5][17]: 23.250000, 41BA0000
[5][18]: 24.250000, 41C20000
[5][19]: 25.250000, 41CA0000
[5][20]: 26.250000, 41D20000
[5][21]: 27.250000, 41DA0000
[5][22]: 28.250000, 41E20000
[5][23]: 29.250000, 41EA0000
[5][24]: 30.250000, 41F20000
[5][25]: 31.250000, 41FA0000
[5][26]: 32.250000, 42010000
[5][27]: 33.250000, 42050000
[5][28]: 34.250000, 42090000
[5][29]: 35.250000, 420D0000
[5][30]: 36.250000, 42110000
[5][31]: 37.250000, 42150000
[6][0]: 7.250000, 40E80000
[6][1]: 8.250000, 41040000
[6][2]: 9.250000, 41140000
[6][3]: 10.250000, 41240000
[6][4]: 11.250000, 41340000
[6][5]: 12.250000, 41440000
[6][6]: 13.250000, 41540000
[6][7]: 14.250000, 41640000
[6][8]: 15.250000, 41740000
[6][9]: 16.250000, 41820000
[6][10]: 17.250000, 418A0000
[6][11]: 18.250000, 41920000
[6][12]: 19.250000, 419A0000
[6][13]: 20.250000, 41A20000
[6][14]: 21.250000, 41AA0000
[6][15]: 22.250000, 41B20000
[6][16]: 23.250000, 41BA0000
[6][17]: 24.250000, 41C20000
[6][18]: 25.250000, 41CA0000
[6][19]: 26.250000, 41D20000
[6][20]: 27.250000, 41DA0000
[6][21]: 28.250000, 41E20000
[6][22]: 29.250000, 41EA0000
[6][23]: 30.250000, 41F20000
[6][24]: 31.250000, 41FA0000
[6][25]: 32.250000, 42010000
[6][26]: 33.250000, 42050000
[6][27]: 34.250000, 42090000
[6][28]: 35.250000, 420D0000
[6][29]: 36.250000, 42110000
[6][30]: 37.250000, 42150000
[6][31]: 38.250000, 42190000
[7][0]: 8.250000, 41040000
[7][1]: 9.250000, 41140000
[7][2]: 10.250000, 41240000
[7][3]: 11.250000, 41340000
[7][4]: 12.250000, 41440000
[7][5]: 13.250000, 41540000
[7][6]: 14.250000, 41640000
[7][7]: 15.250000, 41740000
[7][8]: 16.250000, 41820000
[7][9]: 17.250000, 418A0000
[7][10]: 18.250000, 41920000
[7][11]: 19.250000, 419A0000
[7][12]: 20.250000, 41A20000
[7][13]: 21.250000, 41AA0000
[7][14]: 22.250000, 41B20000
[7][15]: 23.250000, 41BA0000
[7][16]: 24.250000, 41C20000
[7][17]: 25.250000, 41CA0000
[7][18]: 26.250000, 41D20000
[7][19]: 27.250000, 41DA0000
[7][20]: 28.250000, 41E20000
[7][21]: 29.250000, 41EA0000
[7][22]: 30.250000, 41F20000
[7][23]: 31.250000, 41FA0000
[7][24]: 32.250000, 42010000
[7][25]: 33.250000, 42050000
[7][26]: 34.250000, 42090000
[7][27]: 35.250000, 420D0000
[7][28]: 36.250000, 42110000
[7][29]: 37.250000, 42150000
[7][30]: 38.250000, 42190000
[7][31]: 39.250000, 421D0000
[8][0]: 9.250000, 41140000
[8][1]: 10.250000, 41240000
[8][2]: 11.250000, 41340000
[8][3]: 12.250000, 41440000
[8][4]: 13.250000, 41540000
[8][5]: 14.250000, 41640000
[8][6]: 15.250000, 41740000
[8][7]: 16.250000, 41820000
[8][8]: 17.250000, 418A0000
[8][9]: 18.250000, 41920000
[8][10]: 19.250000, 419A0000
[8][11]: 20.250000, 41A20000
[8][12]: 21.250000, 41AA0000
[8][13]: 22.250000, 41B20000
[8][14]: 23.250000, 41BA0000
[8][15]: 24.250000, 41C20000
[8][16]: 25.250000, 41CA0000
[8][17]: 26.250000, 41D20000
[8][18]: 27.250000, 41DA0000
[8][19]: 28.250000, 41E20000
[8][20]: 29.250000, 41EA0000
[8][21]: 30.250000, 41F20000
[8][22]: 31.250000, 41FA0000
[8][23]: 32.250000, 42010000
[8][24]: 33.250000, 42050000
[8][25]: 34.250000, 42090000
[8][26]: 35.250000, 420D0000
[8][27]: 36.250000, 42110000
[8][28]: 37.250000, 42150000
[8][29]: 38.250000, 42190000
[8][30]: 39.250000, 421D0000
[8][31]: 40.250000, 42210000
[9][0]: 10.250000, 41240000
[9][1]: 11.250000, 41340000
[9][2]: 12.250000, 41440000
[9][3]: 13.250000, 41540000
[9][4]: 14.250000, 41640000
[9][5]: 15.250000, 41740000
[9][6]: 16.250000, 41820000
[9][7]: 17.250000, 418A0000
[9][8]: 18.250000, 41920000
[9][9]: 19.250000, 419A0000
[9][10]: 20.250000, 41A20000
[9][11]: 21.250000, 41AA0000
[9][12]: 22.250000, 41B20000
[9][13]: 23.250000, 41BA0000
[9][14]: 24.250000, 41C20000
[9][15]: 25.250000, 41CA0000
[9][16]: 26.250000, 41D20000
[9][17]: 27.250000, 41DA0000
[9][18]: 28.250000, 41E20000
[9][19]: 29.250000, 41EA0000
[9][20]: 30.250000, 41F20000
[9][21]: 31.250000, 41FA0000
[9][22]: 32.250000, 42010000
[9][23]: 33.250000, 42050000
[9][24]: 34.250000, 42090000
[9][25]: 35.250000, 420D0000
[9][26]: 36.250000, 42110000
[9][27]: 37.250000, 42150000
[9][28]: 38.250000, 42190000
[9][29]: 39.250000, 421D0000
[9][30]: 40.250000, 42210000
[9][31]: 41.250000, 42250000
[10][0]: 11.250000, 41340000
[10][1]: 12.250000, 41440000
[10][2]: 13.250000, 41540000
[10][3]: 14.250000, 41640000
[10][4]: 15.250000, 41740000
[10][5]: 16.250000, 41820000
[10][6]: 17.250000, 418A0000
[10][7]: 18.250000, 41920000
[10][8]: 19.250000, 419A0000
[10][9]: 20.250000, 41A20000
[10][10]: 21.250000, 41AA0000
[10][11]: 22.250000, 41B20000
[10][12]: 23.250000, 41BA0000
[10][13]: 24.250000, 41C20000
[10][14]: 25.250000, 41CA0000
[10][15]: 26.250000, 41D20000
[10][16]: 27.250000, 41DA0000
[10][17]: 28.250000, 41E20000
[10][18]: 29.250000, 41EA0000
[10][19]: 30.250000, 41F20000
[10][20]: 31.250000, 41FA0000
[10][21]: 32.250000, 42010000
[10][22]: 33.250000, 42050000
[10][23]: 34.250000, 42090000
[10][24]: 35.250000, 420D0000
[10][25]: 36.250000, 42110000
[10][26]: 37.250000, 42150000
[10][27]: 38.250000, 42190000
[10][28]: 39.250000, 421D0000
[10][29]: 40.250000, 42210000
[10][30]: 41.250000, 42250000
[10][31]: 42.250000, 42290000
[11][0]: 12.250000, 41440000
[11][1]: 13.250000, 41540000
[11][2]: 14.250000, 41640000
[11][3]: 15.250000, 41740000
[11][4]: 16.250000, 41820000
[11][5]: 17.250000, 418A0000
[11][6]: 18.250000, 41920000
[11][7]: 19.250000, 419A0000
[11][8]: 20.250000, 41A20000
[11][9]: 21.250000, 41AA0000
[11][10]: 22.250000, 41B20000
[11][11]: 23.250000, 41BA0000
[11][12]: 24.250000, 41C20000
[11][13]: 25.250000, 41CA0000
[11][14]: 26.250000, 41D20000
[11][15]: 27.250000, 41DA0000
[11][16]: 28.250000, 41E20000
[11][17]: 29.250000, 41EA0000
[11][18]: 30.250000, 41F20000
[11][19]: 31.250000, 41FA0000
[11][20]: 32.250000, 42010000
[11][21]: 33.250000, 42050000
[11][22]: 34.250000, 42090000
[11][23]: 35.250000, 420D0000
[11][24]: 36.250000, 42110000
[11][25]: 37.250000, 42150000
[11][26]: 38.250000, 42190000
[11][27]: 39.250000, 421D0000
[11][28]: 40.250000, 42210000
[11][29]: 41.250000, 42250000
[11][30]: 42.250000, 42290000
[11][31]: 43.250000, 422D0000
[12][0]: 13.250000, 41540000
[12][1]: 14.250000, 41640000
[12][2]: 15.250000, 41740000
[12][3]: 16.250000, 41820000
[12][4]: 17.250000, 418A0000
[12][5]: 18.250000, 41920000
[12][6]: 19.250000, 419A0000
[12][7]: 20.250000, 41A20000
[12][8]: 21.250000, 41AA0000
[12][9]: 22.250000, 41B20000
[12][10]: 23.250000, 41BA0000
[12][11]: 24.250000, 41C20000
[12][12]: 25.250000, 41CA0000
[12][13]: 26.250000, 41D20000
[12][14]: 27.250000, 41DA0000
[12][15]: 28.250000, 41E20000
[12][16]: 29.250000, 41EA0000
[12][17]: 30.250000, 41F20000
[12][18]: 31.250000, 41FA0000
[12][19]: 32.250000, 42010000
[12][20]: 33.250000, 42050000
[12][21]: 34.250000, 42090000
[12][22]: 35.250000, 420D0000
[12][23]: 36.250000, 42110000
[12][24]: 37.250000, 42150000
[12][25]: 38.250000, 42190000
[12][26]: 39.250000, 421D0000
[12][27]: 40.250000, 42210000
[12][28]: 41.250000, 42250000
[12][29]: 42.250000, 42290000
[12][30]: 43.250000, 422D0000
[12][31]: 44.250000, 42310000
[13][0]: 14.250000, 41640000
[13][1]: 15.250000, 41740000
[13][2]: 16.250000, 41820000
[13][3]: 17.250000, 418A0000
[13][4]: 18.250000, 41920000
[13][5]: 19.250000, 419A0000
[13][6]: 20.250000, 41A20000
[13][7]: 21.250000, 41AA0000
[13][8]: 22.250000, 41B20000
[13][9]: 23.250000, 41BA0000
[13][10]: 24.250000, 41C20000
[13][11]: 25.250000, 41CA0000
[13][12]: 26.250000, 41D20000
[13][13]: 27.250000, 41DA0000
[13][14]: 28.250000, 41E20000
[13][15]: 29.250000, 41EA0000
[13][16]: 30.250000, 41F20000
[13][17]: 31.250000, 41FA0000
[13][18]: 32.250000, 42010000
[13][19]: 33.250000, 42050000
[13][20]: 34.250000, 42090000
[13][21]: 35.250000, 420D0000
[13][22]: 36.250000, 42110000
[13][23]: 37.250000, 42150000
[13][24]: 38.250000, 42190000
[13][25]: 39.250000, 421D0000
[13][26]: 40.250000, 42210000
[13][27]: 41.250000, 42250000
[13][28]: 42.250000, 42290000
[13][29]: 43.250000, 422D0000
[13][30]: 44.250000, 42310000
[13][31]: 45.250000, 42350000
[14][0]: 15.250000, 41740000
[14][1]: 16.250000, 41820000
[14][2]: 17.250000, 418A0000
[14][3]: 18.250000, 41920000
[14][4]: 19.250000, 419A0000
[14][5]: 20.250000, 41A20000
[14][6]: 21.250000, 41AA0000
[14][7]: 22.250000, 41B20000
[14][8]: 23.250000, 41BA0000
[14][9]: 24.250000, 41C20000
[14][10]: 25.250000, 41CA0000
[14][11]: 26.250000, 41D20000
[14][12]: 27.250000, 41DA0000
[14][13]: 28.250000, 41E20000
[14][14]: 29.250000, 41EA0000
[14][15]: 30.250000, 41F20000
[14][16]: 31.250000, 41FA0000
[14][17]: 32.250000, 42010000
[14][18]: 33.250000, 42050000
[14][19]: 34.250000, 42090000
[14][20]: 35.250000, 420D0000
[14][21]: 36.250000, 42110000
[14][22]: 37.250000, 42150000
[14][23]: 38.250000, 42190000
[14][24]: 39.250000, 421D0000
[14][25]: 40.250000, 42210000
[14][26]: 41.250000, 42250000
[14][27]: 42.250000, 42290000
[14][28]: 43.250000, 422D0000
[14][29]: 44.250000, 42310000
[14][30]: 45.250000, 42350000
[14][31]: 46.250000, 42390000
[15][0]: 16.250000, 41820000
[15][1]: 17.250000, 418A0000
[15][2]: 18.250000, 41920000
[15][3]: 19.250000, 419A0000
[15][4]: 20.250000, 41A20000
[15][5]: 21.250000, 41AA0000
[15][6]: 22.250000, 41B20000
[15][7]: 23.250000, 41BA0000
[15][8]: 24.250000, 41C20000
[15][9]: 25.250000, 41CA0000
[15][10]: 26.250000, 41D20000
[15][11]: 27.250000, 41DA0000
[15][12]: 28.250000, 41E20000
[15][13]: 29.250000, 41EA0000
[15][14]: 30.250000, 41F20000
[15][15]: 31.250000, 41FA0000
[15][16]: 32.250000, 42010000
[15][17]: 33.250000, 42050000
[15][18]: 34.250000, 42090000
[15][19]: 35.250000, 420D0000
[15][20]: 36.250000, 42110000
[15][21]: 37.250000, 42150000
[15][22]: 38.250000, 42190000
[15][23]: 39.250000, 421D0000
[15][24]: 40.250000, 42210000
[15][25]: 41.250000, 42250000
[15][26]: 42.250000, 42290000
[15][27]: 43.250000, 422D0000
[15][28]: 44.250000, 42310000
[15][29]: 45.250000, 42350000
[15][30]: 46.250000, 42390000
[15][31]: 47.250000, 423D0000
[16][0]: 17.250000, 418A0000
[16][1]: 18.250000, 41920000
[16][2]: 19.250000, 419A0000
[16][3]: 20.250000, 41A20000
[16][4]: 21.250000, 41AA0000
[16][5]: 22.250000, 41B20000
[16][6]: 23.250000, 41BA0000
[16][7]: 24.250000, 41C20000
[16][8]: 25.250000, 41CA0000
[16][9]: 26.250000, 41D20000
[16][10]: 27.250000, 41DA0000
[16][11]: 28.250000, 41E20000
[16][12]: 29.250000, 41EA0000
[16][13]: 30.250000, 41F20000
[16][14]: 31.250000, 41FA0000
[16][15]: 32.250000, 42010000
[16][16]: 33.250000, 42050000
[16][17]: 34.250000, 42090000
[16][18]: 35.250000, 420D0000
[16][19]: 36.250000, 42110000
[16][20]: 37.250000, 42150000
[16][21]: 38.250000, 42190000
[16][22]: 39.250000, 421D0000
[16][23]: 40.250000, 42210000
[16][24]: 41.250000, 42250000
[16][25]: 42.250000, 42290000
[16][26]: 43.250000, 422D0000
[16][27]: 44.250000, 42310000
[16][28]: 45.250000, 42350000
[16][29]: 46.250000, 42390000
[16][30]: 47.250000, 423D0000
[16][31]: 48.250000, 42410000
[17][0]: 18.250000, 41920000
[17][1]: 19.250000, 419A0000
[17][2]: 20.250000, 41A20000
[17][3]: 21.250000, 41AA0000
[17][4]: 22.250000, 41B20000
[17][5]: 23.250000, 41BA0000
[17][6]: 24.250000, 41C20000
[17][7]: 25.250000, 41CA0000
[17][8]: 26.250000, 41D20000
[17][9]: 27.250000, 41DA0000
[17][10]: 28.250000, 41E20000
[17][11]: 29.250000, 41EA0000
[17][12]: 30.250000, 41F20000
[17][13]: 31.250000, 41FA0000
[17][14]: 32.250000, 42010000
[17][15]: 33.250000, 42050000
[17][16]: 34.250000, 42090000
[17][17]: 35.250000, 420D0000
[17][18]: 36.250000, 42110000
[17][19]: 37.250000, 42150000
[17][20]: 38.250000, 42190000
[17][21]: 39.250000, 421D0000
[17][22]: 40.250000, 42210000
[17][23]: 41.250000, 42250000
[17][24]: 42.250000, 42290000
[17][25]: 43.250000, 422D0000
[17][26]: 44.250000, 42310000
[17][27]: 45.250000, 42350000
[17][28]: 46.250000, 42390000
[17][29]: 47.250000, 423D0000
[17][30]: 48.250000, 42410000
[17][31]: 49.250000, 42450000
[18][0]: 19.250000, 419A0000
[18][1]: 20.250000, 41A20000
[18][2]: 21.250000, 41AA0000
[18][3]: 22.250000, 41B20000
[18][4]: 23.250000, 41BA0000
[18][5]: 24.250000, 41C20000
[18][6]: 25.250000, 41CA0000
[18][7]: 26.250000, 41D20000
[18][8]: 27.250000, 41DA0000
[18][9]: 28.250000, 41E20000
[18][10]: 29.250000, 41EA0000
[18][11]: 30.250000, 41F20000
[18][12]: 31.250000, 41FA0000
[18][13]: 32.250000, 42010000
[18][14]: 33.250000, 42050000
[18][15]: 34.250000, 42090000
[18][16]: 35.250000, 420D0000
[18][17]: 36.250000, 42110000
[18][18]: 37.250000, 42150000
[18][19]: 38.250000, 42190000
[18][20]: 39.250000, 421D0000
[18][21]: 40.250000, 42210000
[18][22]: 41.250000, 42250000
[18][23]: 42.250000, 42290000
[18][24]: 43.250000, 422D0000
[18][25]: 44.250000, 42310000
[18][26]: 45.250000, 42350000
[18][27]: 46.250000, 42390000
[18][28]: 47.250000, 423D0000
[18][29]: 48.250000, 42410000
[18][30]: 49.250000, 42450000
[18][31]: 50.250000, 42490000
[19][0]: 20.250000, 41A20000
[19][1]: 21.250000, 41AA0000
[19][2]: 22.250000, 41B20000
[19][3]: 23.250000, 41BA0000
[19][4]: 24.250000, 41C20000
[19][5]: 25.250000, 41CA0000
[19][6]: 26.250000, 41D20000
[19][7]: 27.250000, 41DA0000
[19][8]: 28.250000, 41E20000
[19][9]: 29.250000, 41EA0000
[19][10]: 30.250000, 41F20000
[19][11]: 31.250000, 41FA0000
[19][12]: 32.250000, 42010000
[19][13]: 33.250000, 42050000
[19][14]: 34.250000, 42090000
[19][15]: 35.250000, 420D0000
[19][16]: 36.250000, 42110000
[19][17]: 37.250000, 42150000
[19][18]: 38.250000, 42190000
[19][19]: 39.250000, 421D0000
[19][20]: 40.250000, 42210000
[19][21]: 41.250000, 42250000
[19][22]: 42.250000, 42290000
[19][23]: 43.250000, 422D0000
[19][24]: 44.250000, 42310000
[19][25]: 45.250000, 42350000
[19][26]: 46.250000, 42390000
[19][27]: 47.250000, 423D0000
[19][28]: 48.250000, 42410000
[19][29]: 49.250000, 42450000
[19][30]: 50.250000, 42490000
[19][31]: 51.250000, 424D0000
[20][0]: 21.250000, 41AA0000
[20][1]: 22.250000, 41B20000
[20][2]: 23.250000, 41BA0000
[20][3]: 24.250000, 41C20000
[20][4]: 25.250000, 41CA0000
[20][5]: 26.250000, 41D20000
[20][6]: 27.250000, 41DA0000
[20][7]: 28.250000, 41E20000
[20][8]: 29.250000, 41EA0000
[20][9]: 30.250000, 41F20000
[20][10]: 31.250000, 41FA0000
[20][11]: 32.250000, 42010000
[20][12]: 33.250000, 42050000
[20][13]: 34.250000, 42090000
[20][14]: 35.250000, 420D0000
[20][15]: 36.250000, 42110000
[20][16]: 37.250000, 42150000
[20][17]: 38.250000, 42190000
[20][18]: 39.250000, 421D0000
[20][19]: 40.250000, 42210000
[20][20]: 41.250000, 42250000
[20][21]: 42.250000, 42290000
[20][22]: 43.250000, 422D0000
[20][23]: 44.250000, 42310000
[20][24]: 45.250000, 42350000
[20][25]: 46.250000, 42390000
[20][26]: 47.250000, 423D0000
[20][27]: 48.250000, 42410000
[20][28]: 49.250000, 42450000
[20][29]: 50.250000, 42490000
[20][30]: 51.250000, 424D0000
[20][31]: 52.250000, 42510000
[21][0]: 22.250000, 41B20000
[21][1]: 23.250000, 41BA0000
[21][2]: 24.250000, 41C20000
[21][3]: 25.250000, 41CA0000
[21][4]: 26.250000, 41D20000
[21][5]: 27.250000, 41DA0000
[21][6]: 28.250000, 41E20000
[21][7]: 29.250000, 41EA0000
[21][8]: 30.250000, 41F20000
[21][9]: 31.250000, 41FA0000
[21][10]: 32.250000, 42010000
[21][11]: 33.250000, 42050000
[21][12]: 34.250000, 42090000
[21][13]: 35.250000, 420D0000
[21][14]: 36.250000, 42110000
[21][15]: 37.250000, 42150000
[21][16]: 38.250000, 42190000
[21][17]: 39.250000, 421D0000
[21][18]: 40.250000, 42210000
[21][19]: 41.250000, 42250000
[21][20]: 42.250000, 42290000
[21][21]: 43.250000, 422D0000
[21][22]: 44.250000, 42310000
[21][23]: 45.250000, 42350000
[21][24]: 46.250000, 42390000
[21][25]: 47.250000, 423D0000
[21][26]: 48.250000, 42410000
[21][27]: 49.250000, 42450000
[21][28]: 50.250000, 42490000
[21][29]: 51.250000, 424D0000
[21][30]: 52.250000, 42510000
[21][31]: 53.250000, 42550000
[22][0]: 23.250000, 41BA0000
[22][1]: 24.250000, 41C20000
[22][2]: 25.250000, 41CA0000
[22][3]: 26.250000, 41D20000
[22][4]: 27.250000, 41DA0000
[22][5]: 28.250000, 41E20000
[22][6]: 29.250000, 41EA0000
[22][7]: 30.250000, 41F20000
[22][8]: 31.250000, 41FA0000
[22][9]: 32.250000, 42010000
[22][10]: 33.250000, 42050000
[22][11]: 34.250000, 42090000
[22][12]: 35.250000, 420D0000
[22][13]: 36.250000, 42110000
[22][14]: 37.250000, 42150000
[22][15]: 38.250000, 42190000
[22][16]: 39.250000, 421D0000
[22][17]: 40.250000, 42210000
[22][18]: 41.250000, 42250000
[22][19]: 42.250000, 42290000
[22][20]: 43.250000, 422D0000
[22][21]: 44.250000, 42310000
[22][22]: 45.250000, 42350000
[22][23]: 46.250000, 42390000
[22][24]: 47.250000, 423D0000
[22][25]: 48.250000, 42410000
[22][26]: 49.250000, 42450000
[22][27]: 50.250000, 42490000
[22][28]: 51.250000, 424D0000
[22][29]: 52.250000, 42510000
[22][30]: 53.250000, 42550000
[22][31]: 54.250000, 42590000
[23][0]: 24.250000, 41C20000
[23][1]: 25.250000, 41CA0000
[23][2]: 26.250000, 41D20000
[23][3]: 27.250000, 41DA0000
[23][4]: 28.250000, 41E20000
[23][5]: 29.250000, 41EA0000
[23][6]: 30.250000, 41F20000
[23][7]: 31.250000, 41FA0000
[23][8]: 32.250000, 42010000
[23][9]: 33.250000, 42050000
[23][10]: 34.250000, 42090000
[23][11]: 35.250000, 420D0000
[23][12]: 36.250000, 42110000
[23][13]: 37.250000, 42150000
[23][14]: 38.250000, 42190000
[23][15]: 39.250000, 421D0000
[23][16]: 40.250000, 42210000
[23][17]: 41.250000, 42250000
[23][18]: 42.250000, 42290000
[23][19]: 43.250000, 422D0000
[23][20]: 44.250000, 42310000
[23][21]: 45.250000, 42350000
[23][22]: 46.250000, 42390000
[23][23]: 47.250000, 423D0000
[23][24]: 48.250000, 42410000
[23][25]: 49.250000, 42450000
[23][26]: 50.250000, 42490000
[23][27]: 51.250000, 424D0000
[23][28]: 52.250000, 42510000
[23][29]: 53.250000, 42550000
[23][30]: 54.250000, 42590000
[23][31]: 55.250000, 425D0000
[24][0]: 25.250000, 41CA0000
[24][1]: 26.250000, 41D20000
[24][2]: 27.250000, 41DA0000
[24][3]: 28.250000, 41E20000
[24][4]: 29.250000, 41EA0000
[24][5]: 30.250000, 41F20000
[24][6]: 31.250000, 41FA0000
[24][7]: 32.250000, 42010000
[24][8]: 33.250000, 42050000
[24][9]: 34.250000, 42090000
[24][10]: 35.250000, 420D0000
[24][11]: 36.250000, 42110000
[24][12]: 37.250000, 42150000
[24][13]: 38.250000, 42190000
[24][14]: 39.250000, 421D0000
[24][15]: 40.250000, 42210000
[24][16]: 41.250000, 42250000
[24][17]: 42.250000, 42290000
[24][18]: 43.250000, 422D0000
[24][19]: 44.250000, 42310000
[24][20]: 45.250000, 42350000
[24][21]: 46.250000, 42390000
[24][22]: 47.250000, 423D0000
[24][23]: 48.250000, 42410000
[24][24]: 49.250000, 42450000
[24][25]: 50.250000, 42490000
[24][26]: 51.250000, 424D0000
[24][27]: 52.250000, 42510000
[24][28]: 53.250000, 42550000
[24][29]: 54.250000, 42590000
[24][30]: 55.250000, 425D0000
[24][31]: 56.250000, 42610000
[25][0]: 26.250000, 41D20000
[25][1]: 27.250000, 41DA0000
[25][2]: 28.250000, 41E20000
[25][3]: 29.250000, 41EA0000
[25][4]: 30.250000, 41F20000
[25][5]: 31.250000, 41FA0000
[25][6]: 32.250000, 42010000
[25][7]: 33.250000, 42050000
[25][8]: 34.250000, 42090000
[25][9]: 35.250000, 420D0000
[25][10]: 36.250000, 42110000
[25][11]: 37.250000, 42150000
[25][12]: 38.250000, 42190000
[25][13]: 39.250000, 421D0000
[25][14]: 40.250000, 42210000
[25][15]: 41.250000, 42250000
[25][16]: 42.250000, 42290000
[25][17]: 43.250000, 422D0000
[25][18]: 44.250000, 42310000
[25][19]: 45.250000, 42350000
[25][20]: 46.250000, 42390000
[25][21]: 47.250000, 423D0000
[25][22]: 48.250000, 42410000
[25][23]: 49.250000, 42450000
[25][24]: 50.250000, 42490000
[25][25]: 51.250000, 424D0000
[25][26]: 52.250000, 42510000
[25][27]: 53.250000, 42550000
[25][28]: 54.250000, 42590000
[25][29]: 55.250000, 425D0000
[25][30]: 56.250000, 42610000
[25][31]: 57.250000, 42650000
[26][0]: 27.250000, 41DA0000
[26][1]: 28.250000, 41E20000
[26][2]: 29.250000, 41EA0000
[26][3]: 30.250000, 41F20000
[26][4]: 31.250000, 41FA0000
[26][5]: 32.250000, 42010000
[26][6]: 33.250000, 42050000
[26][7]: 34.250000, 42090000
[26][8]: 35.250000, 420D0000
[26][9]: 36.250000, 42110000
[26][10]: 37.250000, 42150000
[26][11]: 38.250000, 42190000
[26][12]: 39.250000, 421D0000
[26][13]: 40.250000, 42210000
[26][14]: 41.250000, 42250000
[26][15]: 42.250000, 42290000
[26][16]: 43.250000, 422D0000
[26][17]: 44.250000, 42310000
[26][18]: 45.250000, 42350000
[26][19]: 46.250000, 42390000
[26][20]: 47.250000, 423D0000
[26][21]: 48.250000, 42410000
[26][22]: 49.250000, 42450000
[26][23]: 50.250000, 42490000
[26][24]: 51.250000, 424D0000
[26][25]: 52.250000, 42510000
[26][26]: 53.250000, 42550000
[26][27]: 54.250000, 42590000
[26][28]: 55.250000, 425D0000
[26][29]: 56.250000, 42610000
[26][30]: 57.250000, 42650000
[26][31]: 58.250000, 42690000
[27][0]: 28.250000, 41E20000
[27][1]: 29.250000, 41EA0000
[27][2]: 30.250000, 41F20000
[27][3]: 31.250000, 41FA0000
[27][4]: 32.250000, 42010000
[27][5]: 33.250000, 42050000
[27][6]: 34.250000, 42090000
[27][7]: 35.250000, 420D0000
[27][8]: 36.250000, 42110000
[27][9]: 37.250000, 42150000
[27][10]: 38.250000, 42190000
[27][11]: 39.250000, 421D0000
[27][12]: 40.250000, 42210000
[27][13]: 41.250000, 42250000
[27][14]: 42.250000, 42290000
[27][15]: 43.250000, 422D0000
[27][16]: 44.250000, 42310000
[27][17]: 45.250000, 42350000
[27][18]: 46.250000, 42390000
[27][19]: 47.250000, 423D0000
[27][20]: 48.250000, 42410000
[27][21]: 49.250000, 42450000
[27][22]: 50.250000, 42490000
[27][23]: 51.250000, 424D0000
[27][24]: 52.250000, 42510000
[27][25]: 53.250000, 42550000
[27][26]: 54.250000, 42590000
[27][27]: 55.250000, 425D0000
[27][28]: 56.250000, 42610000
[27][29]: 57.250000, 42650000
[27][30]: 58.250000, 42690000
[27][31]: 59.250000, 426D0000
[28][0]: 29.250000, 41EA0000
[28][1]: 30.250000, 41F20000
[28][2]: 31.250000, 41FA0000
[28][3]: 32.250000, 42010000
[28][4]: 33.250000, 42050000
[28][5]: 34.250000, 42090000
[28][6]: 35.250000, 420D0000
[28][7]: 36.250000, 42110000
[28][8]: 37.250000, 42150000
[28][9]: 38.250000, 42190000
[28][10]: 39.250000, 421D0000
[28][11]: 40.250000, 42210000
[28][12]: 41.250000, 42250000
[28][13]: 42.250000, 42290000
[28][14]: 43.250000, 422D0000
[28][15]: 44.250000, 42310000
[28][16]: 45.250000, 42350000
[28][17]: 46.250000, 42390000
[28][18]: 47.250000, 423D0000
[28][19]: 48.250000, 42410000
[28][20]: 49.250000, 42450000
[28][21]: 50.250000, 42490000
[28][22]: 51.250000, 424D0000
[28][23]: 52.250000, 42510000
[28][24]: 53.250000, 42550000
[28][25]: 54.250000, 42590000
[28][26]: 55.250000, 425D0000
[28][27]: 56.250000, 42610000
[28][28]: 57.250000, 42650000
[28][29]: 58.250000, 42690000
[28][30]: 59.250000, 426D0000
[28][31]: 60.250000, 42710000
[29][0]: 30.250000, 41F20000
[29][1]: 31.250000, 41FA0000
[29][2]: 32.250000, 42010000
[29][3]: 33.250000, 42050000
[29][4]: 34.250000, 42090000
[29][5]: 35.250000, 420D0000
[29][6]: 36.250000, 42110000
[29][7]: 37.250000, 42150000
[29][8]: 38.250000, 42190000
[29][9]: 39.250000, 421D0000
[29][10]: 40.250000, 42210000
[29][11]: 41.250000, 42250000
[29][12]: 42.250000, 42290000
[29][13]: 43.250000, 422D0000
[29][14]: 44.250000, 42310000
[29][15]: 45.250000, 42350000
[29][16]: 46.250000, 42390000
[29][17]: 47.250000, 423D0000
[29][18]: 48.250000, 42410000
[29][19]: 49.250000, 42450000
[29][20]: 50.250000, 42490000
[29][21]: 51.250000, 424D0000
[29][22]: 52.250000, 42510000
[29][23]: 53.250000, 42550000
[29][24]: 54.250000, 42590000
[29][25]: 55.250000, 425D0000
[29][26]: 56.250000, 42610000
[29][27]: 57.250000, 42650000
[29][28]: 58.250000, 42690000
[29][29]: 59.250000, 426D0000
[29][30]: 60.250000, 42710000
[29][31]: 61.250000, 42750000
[30][0]: 31.250000, 41FA0000
[30][1]: 32.250000, 42010000
[30][2]: 33.250000, 42050000
[30][3]: 34.250000, 42090000
[30][4]: 35.250000, 420D0000
[30][5]: 36.250000, 42110000
[30][6]: 37.250000, 42150000
[30][7]: 38.250000, 42190000
[30][8]: 39.250000, 421D0000
[30][9]: 40.250000, 42210000
[30][10]: 41.250000, 42250000
[30][11]: 42.250000, 42290000
[30][12]: 43.250000, 422D0000
[30][13]: 44.250000, 42310000
[30][14]: 45.250000, 42350000
[30][15]: 46.250000, 42390000
[30][16]: 47.250000, 423D0000
[30][17]: 48.250000, 42410000
[30][18]: 49.250000, 42450000
[30][19]: 50.250000, 42490000
[30][20]: 51.250000, 424D0000
[30][21]: 52.250000, 42510000
[30][22]: 53.250000, 42550000
[30][23]: 54.250000, 42590000
[30][24]: 55.250000, 425D0000
[30][25]: 56.250000, 42610000
[30][26]: 57.250000, 42650000
[30][27]: 58.250000, 42690000
[30][28]: 59.250000, 426D0000
[30][29]: 60.250000, 42710000
[30][30]: 61.250000, 42750000
[30][31]: 62.250000, 42790000
[31][0]: 32.250000, 42010000
[31][1]: 33.250000, 42050000
[31][2]: 34.250000, 42090000
[31][3]: 35.250000, 420D0000
[31][4]: 36.250000, 42110000
[31][5]: 37.250000, 42150000
[31][6]: 38.250000, 42190000
[31][7]: 39.250000, 421D0000
[31][8]: 40.250000, 42210000
[31][9]: 41.250000, 42250000
[31][10]: 42.250000, 42290000
[31][11]: 43.250000, 422D0000
[31][12]: 44.250000, 42310000
[31][13]: 45.250000, 42350000
[31][14]: 46.250000, 42390000
[31][15]: 47.250000, 423D0000
[31][16]: 48.250000, 42410000
[31][17]: 49.250000, 42450000
[31][18]: 50.250000, 42490000
[31][19]: 51.250000, 424D0000
[31][20]: 52.250000, 42510000
[31][21]: 53.250000, 42550000
[31][22]: 54.250000, 42590000
[31][23]: 55.250000, 425D0000
[31][24]: 56.250000, 42610000
[31][25]: 57.250000, 42650000
[31][26]: 58.250000, 42690000
[31][27]: 59.250000, 426D0000
[31][28]: 60.250000, 42710000
[31][29]: 61.250000, 42750000
[31][30]: 62.250000, 42790000
[31][31]: 63.250000, 427D0000
[0][0]: 2.127500, 400828F6
[0][1]: 3.127500, 404828F6
[0][2]: 4.127500, 4084147B
[0][3]: 5.127500, 40A4147B
[0][4]: 6.127500, 40C4147B
[0][5]: 7.127500, 40E4147B
[0][6]: 8.127500, 41020A3D
[0][7]: 9.127500, 41120A3D
[0][8]: 10.127500, 41220A3D
[0][9]: 11.127500, 41320A3D
[0][10]: 12.127500, 41420A3D
[0][11]: 13.127500, 41520A3D
[0][12]: 14.127500, 41620A3D
[0][13]: 15.127500, 41720A3D
[0][14]: 16.127501, 4181051F
[0][15]: 17.127501, 4189051F
[0][16]: 18.127501, 4191051F
[0][17]: 19.127501, 4199051F
[0][18]: 20.127501, 41A1051F
[0][19]: 21.127501, 41A9051F
[0][20]: 22.127501, 41B1051F
[0][21]: 23.127501, 41B9051F
[0][22]: 24.127501, 41C1051F
[0][23]: 25.127501, 41C9051F
[0][24]: 26.127501, 41D1051F
[0][25]: 27.127501, 41D9051F
[0][26]: 28.127501, 41E1051F
[0][27]: 29.127501, 41E9051F
[0][28]: 30.127501, 41F1051F
[0][29]: 31.127501, 41F9051F
[0][30]: 32.127499, 4200828F
[0][31]: 33.127499, 4204828F
[1][0]: 3.127500, 404828F6
[1][1]: 4.127500, 4084147B
[1][2]: 5.127500, 40A4147B
[1][3]: 6.127500, 40C4147B
[1][4]: 7.127500, 40E4147B
[1][5]: 8.127500, 41020A3D
[1][6]: 9.127500, 41120A3D
[1][7]: 10.127500, 41220A3D
[1][8]: 11.127500, 41320A3D
[1][9]: 12.127500, 41420A3D
[1][10]: 13.127500, 41520A3D
[1][11]: 14.127500, 41620A3D
[1][12]: 15.127500, 41720A3D
[1][13]: 16.127501, 4181051F
[1][14]: 17.127501, 4189051F
[1][15]: 18.127501, 4191051F
[1][16]: 19.127501, 4199051F
[1][17]: 20.127501, 41A1051F
[1][18]: 21.127501, 41A9051F
[1][19]: 22.127501, 41B1051F
[1][20]: 23.127501, 41B9051F
[1][21]: 24.127501, 41C1051F
[1][22]: 25.127501, 41C9051F
[1][23]: 26.127501, 41D1051F
[1][24]: 27.127501, 41D9051F
[1][25]: 28.127501, 41E1051F
[1][26]: 29.127501, 41E9051F
[1][27]: 30.127501, 41F1051F
[1][28]: 31.127501, 41F9051F
[1][29]: 32.127499, 4200828F
[1][30]: 33.127499, 4204828F
[1][31]: 34.127499, 4208828F
[2][0]: 4.127500, 4084147B
[2][1]: 5.127500, 40A4147B
[2][2]: 6.127500, 40C4147B
[2][3]: 7.127500, 40E4147B
[2][4]: 8.127500, 41020A3D
[2][5]: 9.127500, 41120A3D
[2][6]: 10.127500, 41220A3D
[2][7]: 11.127500, 41320A3D
[2][8]: 12.127500, 41420A3D
[2][9]: 13.127500, 41520A3D
[2][10]: 14.127500, 41620A3D
[2][11]: 15.127500, 41720A3D
[2][12]: 16.127501, 4181051F
[2][13]: 17.127501, 4189051F
[2][14]: 18.127501, 4191051F
[2][15]: 19.127501, 4199051F
[2][16]: 20.127501, 41A1051F
[2][17]: 21.127501, 41A9051F
[2][18]: 22.127501, 41B1051F
[2][19]: 23.127501, 41B9051F
[2][20]: 24.127501, 41C1051F
[2][21]: 25.127501, 41C9051F
[2][22]: 26.127501, 41D1051F
[2][23]: 27.127501, 41D9051F
[2][24]: 28.127501, 41E1051F
[2][25]: 29.127501, 41E9051F
[2][26]: 30.127501, 41F1051F
[2][27]: 31.127501, 41F9051F
[2][28]: 32.127499, 4200828F
[2][29]: 33.127499, 4204828F
[2][30]: 34.127499, 4208828F
[2][31]: 35.127499, 420C828F
[3][0]: 5.127500, 40A4147B
[3][1]: 6.127500, 40C4147B
[3][2]: 7.127500, 40E4147B
[3][3]: 8.127500, 41020A3D
[3][4]: 9.127500, 41120A3D
[3][5]: 10.127500, 41220A3D
[3][6]: 11.127500, 41320A3D
[3][7]: 12.127500, 41420A3D
[3][8]: 13.127500, 41520A3D
[3][9]: 14.127500, 41620A3D
[3][10]: 15.127500, 41720A3D
[3][11]: 16.127501, 4181051F
[3][12]: 17.127501, 4189051F
[3][13]: 18.127501, 4191051F
[3][14]: 19.127501, 4199051F
[3][15]: 20.127501, 41A1051F
[3][16]: 21.127501, 41A9051F
[3][17]: 22.127501, 41B1051F
[3][18]: 23.127501, 41B9051F
[3][19]: 24.127501, 41C1051F
[3][20]: 25.127501, 41C9051F
[3][21]: 26.127501, 41D1051F
[3][22]: 27.127501, 41D9051F
[3][23]: 28.127501, 41E1051F
[3][24]: 29.127501, 41E9051F
[3][25]: 30.127501, 41F1051F
[3][26]: 31.127501, 41F9051F
[3][27]: 32.127499, 4200828F
[3][28]: 33.127499, 4204828F
[3][29]: 34.127499, 4208828F
[3][30]: 35.127499, 420C828F
[3][31]: 36.127499, 4210828F
[4][0]: 6.127500, 40C4147B
[4][1]: 7.127500, 40E4147B
[4][2]: 8.127500, 41020A3D
[4][3]: 9.127500, 41120A3D
[4][4]: 10.127500, 41220A3D
[4][5]: 11.127500, 41320A3D
[4][6]: 12.127500, 41420A3D
[4][7]: 13.127500, 41520A3D
[4][8]: 14.127500, 41620A3D
[4][9]: 15.127500, 41720A3D
[4][10]: 16.127501, 4181051F
[4][11]: 17.127501, 4189051F
[4][12]: 18.127501, 4191051F
[4][13]: 19.127501, 4199051F
[4][14]: 20.127501, 41A1051F
[4][15]: 21.127501, 41A9051F
[4][16]: 22.127501, 41B1051F
[4][17]: 23.127501, 41B9051F
[4][18]: 24.127501, 41C1051F
[4][19]: 25.127501, 41C9051F
[4][20]: 26.127501, 41D1051F
[4][21]: 27.127501, 41D9051F
[4][22]: 28.127501, 41E1051F
[4][23]: 29.127501, 41E9051F
[4][24]: 30.127501, 41F1051F
[4][25]: 31.127501, 41F9051F
[4][26]: 32.127499, 4200828F
[4][27]: 33.127499, 4204828F
[4][28]: 34.127499, 4208828F
[4][29]: 35.127499, 420C828F
[4][30]: 36.127499, 4210828F
[4][31]: 37.127499, 4214828F
[5][0]: 7.127500, 40E4147B
[5][1]: 8.127500, 41020A3D
[5][2]: 9.127500, 41120A3D
[5][3]: 10.127500, 41220A3D
[5][4]: 11.127500, 41320A3D
[5][5]: 12.127500, 41420A3D
[5][6]: 13.127500, 41520A3D
[5][7]: 14.127500, 41620A3D
[5][8]: 15.127500, 41720A3D
[5][9]: 16.127501, 4181051F
[5][10]: 17.127501, 4189051F
[5][11]: 18.127501, 4191051F
[5][12]: 19.127501, 4199051F
[5][13]: 20.127501, 41A1051F
[5][14]: 21.127501, 41A9051F
[5][15]: 22.127501, 41B1051F
[5][16]: 23.127501, 41B9051F
[5][17]: 24.127501, 41C1051F
[5][18]: 25.127501, 41C9051F
[5][19]: 26.127501, 41D1051F
[5][20]: 27.127501, 41D9051F
[5][21]: 28.127501, 41E1051F
[5][22]: 29.127501, 41E9051F
[5][23]: 30.127501, 41F1051F
[5][24]: 31.127501, 41F9051F
[5][25]: 32.127499, 4200828F
[5][26]: 33.127499, 4204828F
[5][27]: 34.127499, 4208828F
[5][28]: 35.127499, 420C828F
[5][29]: 36.127499, 4210828F
[5][30]: 37.127499, 4214828F
[5][31]: 38.127499, 4218828F
[6][0]: 8.127500, 41020A3D
[6][1]: 9.127500, 41120A3D
[6][2]: 10.127500, 41220A3D
[6][3]: 11.127500, 41320A3D
[6][4]: 12.127500, 41420A3D
[6][5]: 13.127500, 41520A3D
[6][6]: 14.127500, 41620A3D
[6][7]: 15.127500, 41720A3D
[6][8]: 16.127501, 4181051F
[6][9]: 17.127501, 4189051F
[6][10]: 18.127501, 4191051F
[6][11]: 19.127501, 4199051F
[6][12]: 20.127501, 41A1051F
[6][13]: 21.127501, 41A9051F
[6][14]: 22.127501, 41B1051F
[6][15]: 23.127501, 41B9051F
[6][16]: 24.127501, 41C1051F
[6][17]: 25.127501, 41C9051F
[6][18]: 26.127501, 41D1051F
[6][19]: 27.127501, 41D9051F
[6][20]: 28.127501, 41E1051F
[6][21]: 29.127501, 41E9051F
[6][22]: 30.127501, 41F1051F
[6][23]: 31.127501, 41F9051F
[6][24]: 32.127499, 4200828F
[6][25]: 33.127499, 4204828F
[6][26]: 34.127499, 4208828F
[6][27]: 35.127499, 420C828F
[6][28]: 36.127499, 4210828F
[6][29]: 37.127499, 4214828F
[6][30]: 38.127499, 4218828F
[6][31]: 39.127499, 421C828F
[7][0]: 9.127500, 41120A3D
[7][1]: 10.127500, 41220A3D
[7][2]: 11.127500, 41320A3D
[7][3]: 12.127500, 41420A3D
[7][4]: 13.127500, 41520A3D
[7][5]: 14.127500, 41620A3D
[7][6]: 15.127500, 41720A3D
[7][7]: 16.127501, 4181051F
[7][8]: 17.127501, 4189051F
[7][9]: 18.127501, 4191051F
[7][10]: 19.127501, 4199051F
[7][11]: 20.127501, 41A1051F
[7][12]: 21.127501, 41A9051F
[7][13]: 22.127501, 41B1051F
[7][14]: 23.127501, 41B9051F
[7][15]: 24.127501, 41C1051F
[7][16]: 25.127501, 41C9051F
[7][17]: 26.127501, 41D1051F
[7][18]: 27.127501, 41D9051F
[7][19]: 28.127501, 41E1051F
[7][20]: 29.127501, 41E9051F
[7][21]: 30.127501, 41F1051F
[7][22]: 31.127501, 41F9051F
[7][23]: 32.127499, 4200828F
[7][24]: 33.127499, 4204828F
[7][25]: 34.127499, 4208828F
[7][26]: 35.127499, 420C828F
[7][27]: 36.127499, 4210828F
[7][28]: 37.127499, 4214828F
[7][29]: 38.127499, 4218828F
[7][30]: 39.127499, 421C828F
[7][31]: 40.127499, 4220828F
[8][0]: 10.127500, 41220A3D
[8][1]: 11.127500, 41320A3D
[8][2]: 12.127500, 41420A3D
[8][3]: 13.127500, 41520A3D
[8][4]: 14.127500, 41620A3D
[8][5]: 15.127500, 41720A3D
[8][6]: 16.127501, 4181051F
[8][7]: 17.127501, 4189051F
[8][8]: 18.127501, 4191051F
[8][9]: 19.127501, 4199051F
[8][10]: 20.127501, 41A1051F
[8][11]: 21.127501, 41A9051F
[8][12]: 22.127501, 41B1051F
[8][13]: 23.127501, 41B9051F
[8][14]: 24.127501, 41C1051F
[8][15]: 25.127501, 41C9051F
[8][16]: 26.127501, 41D1051F
[8][17]: 27.127501, 41D9051F
[8][18]: 28.127501, 41E1051F
[8][19]: 29.127501, 41E9051F
[8][20]: 30.127501, 41F1051F
[8][21]: 31.127501, 41F9051F
[8][22]: 32.127499, 4200828F
[8][23]: 33.127499, 4204828F
[8][24]: 34.127499, 4208828F
[8][25]: 35.127499, 420C828F
[8][26]: 36.127499, 4210828F
[8][27]: 37.127499, 4214828F
[8][28]: 38.127499, 4218828F
[8][29]: 39.127499, 421C828F
[8][30]: 40.127499, 4220828F
[8][31]: 41.127499, 4224828F
[9][0]: 11.127500, 41320A3D
[9][1]: 12.127500, 41420A3D
[9][2]: 13.127500, 41520A3D
[9][3]: 14.127500, 41620A3D
[9][4]: 15.127500, 41720A3D
[9][5]: 16.127501, 4181051F
[9][6]: 17.127501, 4189051F
[9][7]: 18.127501, 4191051F
[9][8]: 19.127501, 4199051F
[9][9]: 20.127501, 41A1051F
[9][10]: 21.127501, 41A9051F
[9][11]: 22.127501, 41B1051F
[9][12]: 23.127501, 41B9051F
[9][13]: 24.127501, 41C1051F
[9][14]: 25.127501, 41C9051F
[9][15]: 26.127501, 41D1051F
[9][16]: 27.127501, 41D9051F
[9][17]: 28.127501, 41E1051F
[9][18]: 29.127501, 41E9051F
[9][19]: 30.127501, 41F1051F
[9][20]: 31.127501, 41F9051F
[9][21]: 32.127499, 4200828F
[9][22]: 33.127499, 4204828F
[9][23]: 34.127499, 4208828F
[9][24]: 35.127499, 420C828F
[9][25]: 36.127499, 4210828F
[9][26]: 37.127499, 4214828F
[9][27]: 38.127499, 4218828F
[9][28]: 39.127499, 421C828F
[9][29]: 40.127499, 4220828F
[9][30]: 41.127499, 4224828F
[9][31]: 42.127499, 4228828F
[10][0]: 12.127500, 41420A3D
[10][1]: 13.127500, 41520A3D
[10][2]: 14.127500, 41620A3D
[10][3]: 15.127500, 41720A3D
[10][4]: 16.127501, 4181051F
[10][5]: 17.127501, 4189051F
[10][6]: 18.127501, 4191051F
[10][7]: 19.127501, 4199051F
[10][8]: 20.127501, 41A1051F
[10][9]: 21.127501, 41A9051F
[10][10]: 22.127501, 41B1051F
[10][11]: 23.127501, 41B9051F
[10][12]: 24.127501, 41C1051F
[10][13]: 25.127501, 41C9051F
[10][14]: 26.127501, 41D1051F
[10][15]: 27.127501, 41D9051F
[10][16]: 28.127501, 41E1051F
[10][17]: 29.127501, 41E9051F
[10][18]: 30.127501, 41F1051F
[10][19]: 31.127501, 41F9051F
[10][20]: 32.127499, 4200828F
[10][21]: 33.127499, 4204828F
[10][22]: 34.127499, 4208828F
[10][23]: 35.127499, 420C828F
[10][24]: 36.127499, 4210828F
[10][25]: 37.127499, 4214828F
[10][26]: 38.127499, 4218828F
[10][27]: 39.127499, 421C828F
[10][28]: 40.127499, 4220828F
[10][29]: 41.127499, 4224828F
[10][30]: 42.127499, 4228828F
[10][31]: 43.127499, 422C828F
[11][0]: 13.127500, 41520A3D
[11][1]: 14.127500, 41620A3D
[11][2]: 15.127500, 41720A3D
[11][3]: 16.127501, 4181051F
[11][4]: 17.127501, 4189051F
[11][5]: 18.127501, 4191051F
[11][6]: 19.127501, 4199051F
[11][7]: 20.127501, 41A1051F
[11][8]: 21.127501, 41A9051F
[11][9]: 22.127501, 41B1051F
[11][10]: 23.127501, 41B9051F
[11][11]: 24.127501, 41C1051F
[11][12]: 25.127501, 41C9051F
[11][13]: 26.127501, 41D1051F
[11][14]: 27.127501, 41D9051F
[11][15]: 28.127501, 41E1051F
[11][16]: 29.127501, 41E9051F
[11][17]: 30.127501, 41F1051F
[11][18]: 31.127501, 41F9051F
[11][19]: 32.127499, 4200828F
[11][20]: 33.127499, 4204828F
[11][21]: 34.127499, 4208828F
[11][22]: 35.127499, 420C828F
[11][23]: 36.127499, 4210828F
[11][24]: 37.127499, 4214828F
[11][25]: 38.127499, 4218828F
[11][26]: 39.127499, 421C828F
[11][27]: 40.127499, 4220828F
[11][28]: 41.127499, 4224828F
[11][29]: 42.127499, 4228828F
[11][30]: 43.127499, 422C828F
[11][31]: 44.127499, 4230828F
[12][0]: 14.127500, 41620A3D
[12][1]: 15.127500, 41720A3D
[12][2]: 16.127501, 4181051F
[12][3]: 17.127501, 4189051F
[12][4]: 18.127501, 4191051F
[12][5]: 19.127501, 4199051F
[12][6]: 20.127501, 41A1051F
[12][7]: 21.127501, 41A9051F
[12][8]: 22.127501, 41B1051F
[12][9]: 23.127501, 41B9051F
[12][10]: 24.127501, 41C1051F
[12][11]: 25.127501, 41C9051F
[12][12]: 26.127501, 41D1051F
[12][13]: 27.127501, 41D9051F
[12][14]: 28.127501, 41E1051F
[12][15]: 29.127501, 41E9051F
[12][16]: 30.127501, 41F1051F
[12][17]: 31.127501, 41F9051F
[12][18]: 32.127499, 4200828F
[12][19]: 33.127499, 4204828F
[12][20]: 34.127499, 4208828F
[12][21]: 35.127499, 420C828F
[12][22]: 36.127499, 4210828F
[12][23]: 37.127499, 4214828F
[12][24]: 38.127499, 4218828F
[12][25]: 39.127499, 421C828F
[12][26]: 40.127499, 4220828F
[12][27]: 41.127499, 4224828F
[12][28]: 42.127499, 4228828F
[12][29]: 43.127499, 422C828F
[12][30]: 44.127499, 4230828F
[12][31]: 45.127499, 4234828F
[13][0]: 15.127500, 41720A3D
[13][1]: 16.127501, 4181051F
[13][2]: 17.127501, 4189051F
[13][3]: 18.127501, 4191051F
[13][4]: 19.127501, 4199051F
[13][5]: 20.127501, 41A1051F
[13][6]: 21.127501, 41A9051F
[13][7]: 22.127501, 41B1051F
[13][8]: 23.127501, 41B9051F
[13][9]: 24.127501, 41C1051F
[13][10]: 25.127501, 41C9051F
[13][11]: 26.127501, 41D1051F
[13][12]: 27.127501, 41D9051F
[13][13]: 28.127501, 41E1051F
[13][14]: 29.127501, 41E9051F
[13][15]: 30.127501, 41F1051F
[13][16]: 31.127501, 41F9051F
[13][17]: 32.127499, 4200828F
[13][18]: 33.127499, 4204828F
[13][19]: 34.127499, 4208828F
[13][20]: 35.127499, 420C828F
[13][21]: 36.127499, 4210828F
[13][22]: 37.127499, 4214828F
[13][23]: 38.127499, 4218828F
[13][24]: 39.127499, 421C828F
[13][25]: 40.127499, 4220828F
[13][26]: 41.127499, 4224828F
[13][27]: 42.127499, 4228828F
[13][28]: 43.127499, 422C828F
[13][29]: 44.127499, 4230828F
[13][30]: 45.127499, 4234828F
[13][31]: 46.127499, 4238828F
[14][0]: 16.127501, 4181051F
[14][1]: 17.127501, 4189051F
[14][2]: 18.127501, 4191051F
[14][3]: 19.127501, 4199051F
[14][4]: 20.127501, 41A1051F
[14][5]: 21.127501, 41A9051F
[14][6]: 22.127501, 41B1051F
[14][7]: 23.127501, 41B9051F
[14][8]: 24.127501, 41C1051F
[14][9]: 25.127501, 41C9051F
[14][10]: 26.127501, 41D1051F
[14][11]: 27.127501, 41D9051F
[14][12]: 28.127501, 41E1051F
[14][13]: 29.127501, 41E9051F
[14][14]: 30.127501, 41F1051F
[14][15]: 31.127501, 41F9051F
[14][16]: 32.127499, 4200828F
[14][17]: 33.127499, 4204828F
[14][18]: 34.127499, 4208828F
[14][19]: 35.127499, 420C828F
[14][20]: 36.127499, 4210828F
[14][21]: 37.127499, 4214828F
[14][22]: 38.127499, 4218828F
[14][23]: 39.127499, 421C828F
[14][24]: 40.127499, 4220828F
[14][25]: 41.127499, 4224828F
[14][26]: 42.127499, 4228828F
[14][27]: 43.127499, 422C828F
[14][28]: 44.127499, 4230828F
[14][29]: 45.127499, 4234828F
[14][30]: 46.127499, 4238828F
[14][31]: 47.127499, 423C828F
[15][0]: 17.127501, 4189051F
[15][1]: 18.127501, 4191051F
[15][2]: 19.127501, 4199051F
[15][3]: 20.127501, 41A1051F
[15][4]: 21.127501, 41A9051F
[15][5]: 22.127501, 41B1051F
[15][6]: 23.127501, 41B9051F
[15][7]: 24.127501, 41C1051F
[15][8]: 25.127501, 41C9051F
[15][9]: 26.127501, 41D1051F
[15][10]: 27.127501, 41D9051F
[15][11]: 28.127501, 41E1051F
[15][12]: 29.127501, 41E9051F
[15][13]: 30.127501, 41F1051F
[15][14]: 31.127501, 41F9051F
[15][15]: 32.127499, 4200828F
[15][16]: 33.127499, 4204828F
[15][17]: 34.127499, 4208828F
[15][18]: 35.127499, 420C828F
[15][19]: 36.127499, 4210828F
[15][20]: 37.127499, 4214828F
[15][21]: 38.127499, 4218828F
[15][22]: 39.127499, 421C828F
[15][23]: 40.127499, 4220828F
[15][24]: 41.127499, 4224828F
[15][25]: 42.127499, 4228828F
[15][26]: 43.127499, 422C828F
[15][27]: 44.127499, 4230828F
[15][28]: 45.127499, 4234828F
[15][29]: 46.127499, 4238828F
[15][30]: 47.127499, 423C828F
[15][31]: 48.127499, 4240828F
[16][0]: 18.127501, 4191051F
[16][1]: 19.127501, 4199051F
[16][2]: 20.127501, 41A1051F
[16][3]: 21.127501, 41A9051F
[16][4]: 22.127501, 41B1051F
[16][5]: 23.127501, 41B9051F
[16][6]: 24.127501, 41C1051F
[16][7]: 25.127501, 41C9051F
[16][8]: 26.127501, 41D1051F
[16][9]: 27.127501, 41D9051F
[16][10]: 28.127501, 41E1051F
[16][11]: 29.127501, 41E9051F
[16][12]: 30.127501, 41F1051F
[16][13]: 31.127501, 41F9051F
[16][14]: 32.127499, 4200828F
[16][15]: 33.127499, 4204828F
[16][16]: 34.127499, 4208828F
[16][17]: 35.127499, 420C828F
[16][18]: 36.127499, 4210828F
[16][19]: 37.127499, 4214828F
[16][20]: 38.127499, 4218828F
[16][21]: 39.127499, 421C828F
[16][22]: 40.127499, 4220828F
[16][23]: 41.127499, 4224828F
[16][24]: 42.127499, 4228828F
[16][25]: 43.127499, 422C828F
[16][26]: 44.127499, 4230828F
[16][27]: 45.127499, 4234828F
[16][28]: 46.127499, 4238828F
[16][29]: 47.127499, 423C828F
[16][30]: 48.127499, 4240828F
[16][31]: 49.127499, 4244828F
[17][0]: 19.127501, 4199051F
[17][1]: 20.127501, 41A1051F
[17][2]: 21.127501, 41A9051F
[17][3]: 22.127501, 41B1051F
[17][4]: 23.127501, 41B9051F
[17][5]: 24.127501, 41C1051F
[17][6]: 25.127501, 41C9051F
[17][7]: 26.127501, 41D1051F
[17][8]: 27.127501, 41D9051F
[17][9]: 28.127501, 41E1051F
[17][10]: 29.127501, 41E9051F
[17][11]: 30.127501, 41F1051F
[17][12]: 31.127501, 41F9051F
[17][13]: 32.127499, 4200828F
[17][14]: 33.127499, 4204828F
[17][15]: 34.127499, 4208828F
[17][16]: 35.127499, 420C828F
[17][17]: 36.127499, 4210828F
[17][18]: 37.127499, 4214828F
[17][19]: 38.127499, 4218828F
[17][20]: 39.127499, 421C828F
[17][21]: 40.127499, 4220828F
[17][22]: 41.127499, 4224828F
[17][23]: 42.127499, 4228828F
[17][24]: 43.127499, 422C828F
[17][25]: 44.127499, 4230828F
[17][26]: 45.127499, 4234828F
[17][27]: 46.127499, 4238828F
[17][28]: 47.127499, 423C828F
[17][29]: 48.127499, 4240828F
[17][30]: 49.127499, 4244828F
[17][31]: 50.127499, 4248828F
[18][0]: 20.127501, 41A1051F
[18][1]: 21.127501, 41A9051F
[18][2]: 22.127501, 41B1051F
[18][3]: 23.127501, 41B9051F
[18][4]: 24.127501, 41C1051F
[18][5]: 25.127501, 41C9051F
[18][6]: 26.127501, 41D1051F
[18][7]: 27.127501, 41D9051F
[18][8]: 28.127501, 41E1051F
[18][9]: 29.127501, 41E9051F
[18][10]: 30.127501, 41F1051F
[18][11]: 31.127501, 41F9051F
[18][12]: 32.127499, 4200828F
[18][13]: 33.127499, 4204828F
[18][14]: 34.127499, 4208828F
[18][15]: 35.127499, 420C828F
[18][16]: 36.127499, 4210828F
[18][17]: 37.127499, 4214828F
[18][18]: 38.127499, 4218828F
[18][19]: 39.127499, 421C828F
[18][20]: 40.127499, 4220828F
[18][21]: 41.127499, 4224828F
[18][22]: 42.127499, 4228828F
[18][23]: 43.127499, 422C828F
[18][24]: 44.127499, 4230828F
[18][25]: 45.127499, 4234828F
[18][26]: 46.127499, 4238828F
[18][27]: 47.127499, 423C828F
[18][28]: 48.127499, 4240828F
[18][29]: 49.127499, 4244828F
[18][30]: 50.127499, 4248828F
[18][31]: 51.127499, 424C828F
[19][0]: 21.127501, 41A9051F
[19][1]: 22.127501, 41B1051F
[19][2]: 23.127501, 41B9051F
[19][3]: 24.127501, 41C1051F
[19][4]: 25.127501, 41C9051F
[19][5]: 26.127501, 41D1051F
[19][6]: 27.127501, 41D9051F
[19][7]: 28.127501, 41E1051F
[19][8]: 29.127501, 41E9051F
[19][9]: 30.127501, 41F1051F
[19][10]: 31.127501, 41F9051F
[19][11]: 32.127499, 4200828F
[19][12]: 33.127499, 4204828F
[19][13]: 34.127499, 4208828F
[19][14]: 35.127499, 420C828F
[19][15]: 36.127499, 4210828F
[19][16]: 37.127499, 4214828F
[19][17]: 38.127499, 4218828F
[19][18]: 39.127499, 421C828F
[19][19]: 40.127499, 4220828F
[19][20]: 41.127499, 4224828F
[19][21]: 42.127499, 4228828F
[19][22]: 43.127499, 422C828F
[19][23]: 44.127499, 4230828F
[19][24]: 45.127499, 4234828F
[19][25]: 46.127499, 4238828F
[19][26]: 47.127499, 423C828F
[19][27]: 48.127499, 4240828F
[19][28]: 49.127499, 4244828F
[19][29]: 50.127499, 4248828F
[19][30]: 51.127499, 424C828F
[19][31]: 52.127499, 4250828F
[20][0]: 22.127501, 41B1051F
[20][1]: 23.127501, 41B9051F
[20][2]: 24.127501, 41C1051F
[20][3]: 25.127501, 41C9051F
[20][4]: 26.127501, 41D1051F
[20][5]: 27.127501, 41D9051F
[20][6]: 28.127501, 41E1051F
[20][7]: 29.127501, 41E9051F
[20][8]: 30.127501, 41F1051F
[20][9]: 31.127501, 41F9051F
[20][10]: 32.127499, 4200828F
[20][11]: 33.127499, 4204828F
[20][12]: 34.127499, 4208828F
[20][13]: 35.127499, 420C828F
[20][14]: 36.127499, 4210828F
[20][15]: 37.127499, 4214828F
[20][16]: 38.127499, 4218828F
[20][17]: 39.127499, 421C828F
[20][18]: 40.127499, 4220828F
[20][19]: 41.127499, 4224828F
[20][20]: 42.127499, 4228828F
[20][21]: 43.127499, 422C828F
[20][22]: 44.127499, 4230828F
[20][23]: 45.127499, 4234828F
[20][24]: 46.127499, 4238828F
[20][25]: 47.127499, 423C828F
[20][26]: 48.127499, 4240828F
[20][27]: 49.127499, 4244828F
[20][28]: 50.127499, 4248828F
[20][29]: 51.127499, 424C828F
[20][30]: 52.127499, 4250828F
[20][31]: 53.127499, 4254828F
[21][0]: 23.127501, 41B9051F
[21][1]: 24.127501, 41C1051F
[21][2]: 25.127501, 41C9051F
[21][3]: 26.127501, 41D1051F
[21][4]: 27.127501, 41D9051F
[21][5]: 28.127501, 41E1051F
[21][6]: 29.127501, 41E9051F
[21][7]: 30.127501, 41F1051F
[21][8]: 31.127501, 41F9051F
[21][9]: 32.127499, 4200828F
[21][10]: 33.127499, 4204828F
[21][11]: 34.127499, 4208828F
[21][12]: 35.127499, 420C828F
[21][13]: 36.127499, 4210828F
[21][14]: 37.127499, 4214828F
[21][15]: 38.127499, 4218828F
[21][16]: 39.127499, 421C828F
[21][17]: 40.127499, 4220828F
[21][18]: 41.127499, 4224828F
[21][19]: 42.127499, 4228828F
[21][20]: 43.127499, 422C828F
[21][21]: 44.127499, 4230828F
[21][22]: 45.127499, 4234828F
[21][23]: 46.127499, 4238828F
[21][24]: 47.127499, 423C828F
[21][25]: 48.127499, 4240828F
[21][26]: 49.127499, 4244828F
[21][27]: 50.127499, 4248828F
[21][28]: 51.127499, 424C828F
[21][29]: 52.127499, 4250828F
[21][30]: 53.127499, 4254828F
[21][31]: 54.127499, 4258828F
[22][0]: 24.127501, 41C1051F
[22][1]: 25.127501, 41C9051F
[22][2]: 26.127501, 41D1051F
[22][3]: 27.127501, 41D9051F
[22][4]: 28.127501, 41E1051F
[22][5]: 29.127501, 41E9051F
[22][6]: 30.127501, 41F1051F
[22][7]: 31.127501, 41F9051F
[22][8]: 32.127499, 4200828F
[22][9]: 33.127499, 4204828F
[22][10]: 34.127499, 4208828F
[22][11]: 35.127499, 420C828F
[22][12]: 36.127499, 4210828F
[22][13]: 37.127499, 4214828F
[22][14]: 38.127499, 4218828F
[22][15]: 39.127499, 421C828F
[22][16]: 40.127499, 4220828F
[22][17]: 41.127499, 4224828F
[22][18]: 42.127499, 4228828F
[22][19]: 43.127499, 422C828F
[22][20]: 44.127499, 4230828F
[22][21]: 45.127499, 4234828F
[22][22]: 46.127499, 4238828F
[22][23]: 47.127499, 423C828F
[22][24]: 48.127499, 4240828F
[22][25]: 49.127499, 4244828F
[22][26]: 50.127499, 4248828F
[22][27]: 51.127499, 424C828F
[22][28]: 52.127499, 4250828F
[22][29]: 53.127499, 4254828F
[22][30]: 54.127499, 4258828F
[22][31]: 55.127499, 425C828F
[23][0]: 25.127501, 41C9051F
[23][1]: 26.127501, 41D1051F
[23][2]: 27.127501, 41D9051F
[23][3]: 28.127501, 41E1051F
[23][4]: 29.127501, 41E9051F
[23][5]: 30.127501, 41F1051F
[23][6]: 31.127501, 41F9051F
[23][7]: 32.127499, 4200828F
[23][8]: 33.127499, 4204828F
[23][9]: 34.127499, 4208828F
[23][10]: 35.127499, 420C828F
[23][11]: 36.127499, 4210828F
[23][12]: 37.127499, 4214828F
[23][13]: 38.127499, 4218828F
[23][14]: 39.127499, 421C828F
[23][15]: 40.127499, 4220828F
[23][16]: 41.127499, 4224828F
[23][17]: 42.127499, 4228828F
[23][18]: 43.127499, 422C828F
[23][19]: 44.127499, 4230828F
[23][20]: 45.127499, 4234828F
[23][21]: 46.127499, 4238828F
[23][22]: 47.127499, 423C828F
[23][23]: 48.127499, 4240828F
[23][24]: 49.127499, 4244828F
[23][25]: 50.127499, 4248828F
[23][26]: 51.127499, 424C828F
[23][27]: 52.127499, 4250828F
[23][28]: 53.127499, 4254828F
[23][29]: 54.127499, 4258828F
[23][30]: 55.127499, 425C828F
[23][31]: 56.127499, 4260828F
[24][0]: 26.127501, 41D1051F
[24][1]: 27.127501, 41D9051F
[24][2]: 28.127501, 41E1051F
[24][3]: 29.127501, 41E9051F
[24][4]: 30.127501, 41F1051F
[24][5]: 31.127501, 41F9051F
[24][6]: 32.127499, 4200828F
[24][7]: 33.127499, 4204828F
[24][8]: 34.127499, 4208828F
[24][9]: 35.127499, 420C828F
[24][10]: 36.127499, 4210828F
[24][11]: 37.127499, 4214828F
[24][12]: 38.127499, 4218828F
[24][13]: 39.127499, 421C828F
[24][14]: 40.127499, 4220828F
[24][15]: 41.127499, 4224828F
[24][16]: 42.127499, 4228828F
[24][17]: 43.127499, 422C828F
[24][18]: 44.127499, 4230828F
[24][19]: 45.127499, 4234828F
[24][20]: 46.127499, 4238828F
[24][21]: 47.127499, 423C828F
[24][22]: 48.127499, 4240828F
[24][23]: 49.127499, 4244828F
[24][24]: 50.127499, 4248828F
[24][25]: 51.127499, 424C828F
[24][26]: 52.127499, 4250828F
[24][27]: 53.127499, 4254828F
[24][28]: 54.127499, 4258828F
[24][29]: 55.127499, 425C828F
[24][30]: 56.127499, 4260828F
[24][31]: 57.127499, 4264828F
[25][0]: 27.127501, 41D9051F
[25][1]: 28.127501, 41E1051F
[25][2]: 29.127501, 41E9051F
[25][3]: 30.127501, 41F1051F
[25][4]: 31.127501, 41F9051F
[25][5]: 32.127499, 4200828F
[25][6]: 33.127499, 4204828F
[25][7]: 34.127499, 4208828F
[25][8]: 35.127499, 420C828F
[25][9]: 36.127499, 4210828F
[25][10]: 37.127499, 4214828F
[25][11]: 38.127499, 4218828F
[25][12]: 39.127499, 421C828F
[25][13]: 40.127499, 4220828F
[25][14]: 41.127499, 4224828F
[25][15]: 42.127499, 4228828F
[25][16]: 43.127499, 422C828F
[25][17]: 44.127499, 4230828F
[25][18]: 45.127499, 4234828F
[25][19]: 46.127499, 4238828F
[25][20]: 47.127499, 423C828F
[25][21]: 48.127499, 4240828F
[25][22]: 49.127499, 4244828F
[25][23]: 50.127499, 4248828F
[25][24]: 51.127499, 424C828F
[25][25]: 52.127499, 4250828F
[25][26]: 53.127499, 4254828F
[25][27]: 54.127499, 4258828F
[25][28]: 55.127499, 425C828F
[25][29]: 56.127499, 4260828F
[25][30]: 57.127499, 4264828F
[25][31]: 58.127499, 4268828F
[26][0]: 28.127501, 41E1051F
[26][1]: 29.127501, 41E9051F
[26][2]: 30.127501, 41F1051F
[26][3]: 31.127501, 41F9051F
[26][4]: 32.127499, 4200828F
[26][5]: 33.127499, 4204828F
[26][6]: 34.127499, 4208828F
[26][7]: 35.127499, 420C828F
[26][8]: 36.127499, 4210828F
[26][9]: 37.127499, 4214828F
[26][10]: 38.127499, 4218828F
[26][11]: 39.127499, 421C828F
[26][12]: 40.127499, 4220828F
[26][13]: 41.127499, 4224828F
[26][14]: 42.127499, 4228828F
[26][15]: 43.127499, 422C828F
[26][16]: 44.127499, 4230828F
[26][17]: 45.127499, 4234828F
[26][18]: 46.127499, 4238828F
[26][19]: 47.127499, 423C828F
[26][20]: 48.127499, 4240828F
[26][21]: 49.127499, 4244828F
[26][22]: 50.127499, 4248828F
[26][23]: 51.127499, 424C828F
[26][24]: 52.127499, 4250828F
[26][25]: 53.127499, 4254828F
[26][26]: 54.127499, 4258828F
[26][27]: 55.127499, 425C828F
[26][28]: 56.127499, 4260828F
[26][29]: 57.127499, 4264828F
[26][30]: 58.127499, 4268828F
[26][31]: 59.127499, 426C828F
[27][0]: 29.127501, 41E9051F
[27][1]: 30.127501, 41F1051F
[27][2]: 31.127501, 41F9051F
[27][3]: 32.127499, 4200828F
[27][4]: 33.127499, 4204828F
[27][5]: 34.127499, 4208828F
[27][6]: 35.127499, 420C828F
[27][7]: 36.127499, 4210828F
[27][8]: 37.127499, 4214828F
[27][9]: 38.127499, 4218828F
[27][10]: 39.127499, 421C828F
[27][11]: 40.127499, 4220828F
[27][12]: 41.127499, 4224828F
[27][13]: 42.127499, 4228828F
[27][14]: 43.127499, 422C828F
[27][15]: 44.127499, 4230828F
[27][16]: 45.127499, 4234828F
[27][17]: 46.127499, 4238828F
[27][18]: 47.127499, 423C828F
[27][19]: 48.127499, 4240828F
[27][20]: 49.127499, 4244828F
[27][21]: 50.127499, 4248828F
[27][22]: 51.127499, 424C828F
[27][23]: 52.127499, 4250828F
[27][24]: 53.127499, 4254828F
[27][25]: 54.127499, 4258828F
[27][26]: 55.127499, 425C828F
[27][27]: 56.127499, 4260828F
[27][28]: 57.127499, 4264828F
[27][29]: 58.127499, 4268828F
[27][30]: 59.127499, 426C828F
[27][31]: 60.127499, 4270828F
[28][0]: 30.127501, 41F1051F
[28][1]: 31.127501, 41F9051F
[28][2]: 32.127499, 4200828F
[28][3]: 33.127499, 4204828F
[28][4]: 34.127499, 4208828F
[28][5]: 35.127499, 420C828F
[28][6]: 36.127499, 4210828F
[28][7]: 37.127499, 4214828F
[28][8]: 38.127499, 4218828F
[28][9]: 39.127499, 421C828F
[28][10]: 40.127499, 4220828F
[28][11]: 41.127499, 4224828F
[28][12]: 42.127499, 4228828F
[28][13]: 43.127499, 422C828F
[28][14]: 44.127499, 4230828F
[28][15]: 45.127499, 4234828F
[28][16]: 46.127499, 4238828F
[28][17]: 47.127499, 423C828F
[28][18]: 48.127499, 4240828F
[28][19]: 49.127499, 4244828F
[28][20]: 50.127499, 4248828F
[28][21]: 51.127499, 424C828F
[28][22]: 52.127499, 4250828F
[28][23]: 53.127499, 4254828F
[28][24]: 54.127499, 4258828F
[28][25]: 55.127499, 425C828F
[28][26]: 56.127499, 4260828F
[28][27]: 57.127499, 4264828F
[28][28]: 58.127499, 4268828F
[28][29]: 59.127499, 426C828F
[28][30]: 60.127499, 4270828F
[28][31]: 61.127499, 4274828F
[29][0]: 31.127501, 41F9051F
[29][1]: 32.127499, 4200828F
[29][2]: 33.127499, 4204828F
[29][3]: 34.127499, 4208828F
[29][4]: 35.127499, 420C828F
[29][5]: 36.127499, 4210828F
[29][6]: 37.127499, 4214828F
[29][7]: 38.127499, 4218828F
[29][8]: 39.127499, 421C828F
[29][9]: 40.127499, 4220828F
[29][10]: 41.127499, 4224828F
[29][11]: 42.127499, 4228828F
[29][12]: 43.127499, 422C828F
[29][13]: 44.127499, 4230828F
[29][14]: 45.127499, 4234828F
[29][15]: 46.127499, 4238828F
[29][16]: 47.127499, 423C828F
[29][17]: 48.127499, 4240828F
[29][18]: 49.127499, 4244828F
[29][19]: 50.127499, 4248828F
[29][20]: 51.127499, 424C828F
[29][21]: 52.127499, 4250828F
[29][22]: 53.127499, 4254828F
[29][23]: 54.127499, 4258828F
[29][24]: 55.127499, 425C828F
[29][25]: 56.127499, 4260828F
[29][26]: 57.127499, 4264828F
[29][27]: 58.127499, 4268828F
[29][28]: 59.127499, 426C828F
[29][29]: 60.127499, 4270828F
[29][30]: 61.127499, 4274828F
[29][31]: 62.127499, 4278828F
[30][0]: 32.127499, 4200828F
[30][1]: 33.127499, 4204828F
[30][2]: 34.127499, 4208828F
[30][3]: 35.127499, 420C828F
[30][4]: 36.127499, 4210828F
[30][5]: 37.127499, 4214828F
[30][6]: 38.127499, 4218828F
[30][7]: 39.127499, 421C828F
[30][8]: 40.127499, 4220828F
[30][9]: 41.127499, 4224828F
[30][10]: 42.127499, 4228828F
[30][11]: 43.127499, 422C828F
[30][12]: 44.127499, 4230828F
[30][13]: 45.127499, 4234828F
[30][14]: 46.127499, 4238828F
[30][15]: 47.127499, 423C828F
[30][16]: 48.127499, 4240828F
[30][17]: 49.127499, 4244828F
[30][18]: 50.127499, 4248828F
[30][19]: 51.127499, 424C828F
[30][20]: 52.127499, 4250828F
[30][21]: 53.127499, 4254828F
[30][22]: 54.127499, 4258828F
[30][23]: 55.127499, 425C828F
[30][24]: 56.127499, 4260828F
[30][25]: 57.127499, 4264828F
[30][26]: 58.127499, 4268828F
[30][27]: 59.127499, 426C828F
[30][28]: 60.127499, 4270828F
[30][29]: 61.127499, 4274828F
[30][30]: 62.127499, 4278828F
[30][31]: 63.127499, 427C828F
[31][0]: 33.127499, 4204828F
[31][1]: 34.127499, 4208828F
[31][2]: 35.127499, 420C828F
[31][3]: 36.127499, 4210828F
[31][4]: 37.127499, 4214828F
[31][5]: 38.127499, 4218828F
[31][6]: 39.127499, 421C828F
[31][7]: 40.127499, 4220828F
[31][8]: 41.127499, 4224828F
[31][9]: 42.127499, 4228828F
[31][10]: 43.127499, 422C828F
[31][11]: 44.127499, 4230828F
[31][12]: 45.127499, 4234828F
[31][13]: 46.127499, 4238828F
[31][14]: 47.127499, 423C828F
[31][15]: 48.127499, 4240828F
[31][16]: 49.127499, 4244828F
[31][17]: 50.127499, 4248828F
[31][18]: 51.127499, 424C828F
[31][19]: 52.127499, 4250828F
[31][20]: 53.127499, 4254828F
[31][21]: 54.127499, 4258828F
[31][22]: 55.127499, 425C828F
[31][23]: 56.127499, 4260828F
[31][24]: 57.127499, 4264828F
[31][25]: 58.127499, 4268828F
[31][26]: 59.127499, 426C828F
[31][27]: 60.127499, 4270828F
[31][28]: 61.127499, 4274828F
[31][29]: 62.127499, 4278828F
[31][30]: 63.127499, 427C828F
[31][31]: 64.127502, 42804148
[0][0]: 12176.339844, 463E415C
[0][1]: 12712.339844, 4646A15C
[0][2]: 13248.337891, 464F015A
[0][3]: 13784.337891, 4657615A
[0][4]: 14320.337891, 465FC15A
[0][5]: 14856.339844, 4668215C
[0][6]: 15392.339844, 4670815C
[0][7]: 15928.339844, 4678E15C
[0][8]: 16464.339844, 4680A0AE
[0][9]: 17000.339844, 4684D0AE
[0][10]: 17536.339844, 468900AE
[0][11]: 18072.339844, 468D30AE
[0][12]: 18608.337891, 469160AD
[0][13]: 19144.337891, 469590AD
[0][14]: 19680.339844, 4699C0AE
[0][15]: 20216.339844, 469DF0AE
[0][16]: 20752.337891, 46A220AD
[0][17]: 21288.337891, 46A650AD
[0][18]: 21824.337891, 46AA80AD
[0][19]: 22360.337891, 46AEB0AD
[0][20]: 22896.337891, 46B2E0AD
[0][21]: 23432.337891, 46B710AD
[0][22]: 23968.337891, 46BB40AD
[0][23]: 24504.337891, 46BF70AD
[0][24]: 25040.337891, 46C3A0AD
[0][25]: 25576.337891, 46C7D0AD
[0][26]: 26112.337891, 46CC00AD
[0][27]: 26648.337891, 46D030AD
[0][28]: 27184.337891, 46D460AD
[0][29]: 27720.337891, 46D890AD
[0][30]: 28256.337891, 46DCC0AD
[0][31]: 28792.337891, 46E0F0AD
[1][0]: 12740.418945, 464711AD
[1][1]: 13308.418945, 464FF1AD
[1][2]: 13876.418945, 4658D1AD
[1][3]: 14444.418945, 4661B1AD
[1][4]: 15012.418945, 466A91AD
[1][5]: 15580.418945, 467371AD
[1][6]: 16148.418945, 467C51AD
[1][7]: 16716.419922, 468298D7
[1][8]: 17284.419922, 468708D7
[1][9]: 17852.419922, 468B78D7
[1][10]: 18420.419922, 468FE8D7
[1][11]: 18988.421875, 469458D8
[1][12]: 19556.421875, 4698C8D8
[1][13]: 20124.419922, 469D38D7
[1][14]: 20692.419922, 46A1A8D7
[1][15]: 21260.419922, 46A618D7
[1][16]: 21828.419922, 46AA88D7
[1][17]: 22396.419922, 46AEF8D7
[1][18]: 22964.419922, 46B368D7
[1][19]: 23532.419922, 46B7D8D7
[1][20]: 24100.419922, 46BC48D7
[1][21]: 24668.419922, 46C0B8D7
[1][22]: 25236.419922, 46C528D7
[1][23]: 25804.419922, 46C998D7
[1][24]: 26372.419922, 46CE08D7
[1][25]: 26940.419922, 46D278D7
[1][26]: 27508.419922, 46D6E8D7
[1][27]: 28076.419922, 46DB58D7
[1][28]: 28644.419922, 46DFC8D7
[1][29]: 29212.417969, 46E438D6
[1][30]: 29780.417969, 46E8A8D6
[1][31]: 30348.419922, 46ED18D7
[2][0]: 13304.500000, 464FE200
[2][1]: 13904.499023, 465941FF
[2][2]: 14504.499023, 4662A1FF
[2][3]: 15104.499023, 466C01FF
[2][4]: 15704.499023, 467561FF
[2][5]: 16304.499023, 467EC1FF
[2][6]: 16904.498047, 468410FF
[2][7]: 17504.498047, 4688C0FF
[2][8]: 18104.500000, 468D7100
[2][9]: 18704.500000, 46922100
[2][10]: 19304.500000, 4696D100
[2][11]: 19904.500000, 469B8100
[2][12]: 20504.501953, 46A03101
[2][13]: 21104.500000, 46A4E100
[2][14]: 21704.500000, 46A99100
[2][15]: 22304.500000, 46AE4100
[2][16]: 22904.500000, 46B2F100
[2][17]: 23504.500000, 46B7A100
[2][18]: 24104.500000, 46BC5100
[2][19]: 24704.500000, 46C10100
[2][20]: 25304.500000, 46C5B100
[2][21]: 25904.500000, 46CA6100
[2][22]: 26504.500000, 46CF1100
[2][23]: 27104.500000, 46D3C100
[2][24]: 27704.500000, 46D87100
[2][25]: 28304.500000, 46DD2100
[2][26]: 28904.500000, 46E1D100
[2][27]: 29504.500000, 46E68100
[2][28]: 30104.500000, 46EB3100
[2][29]: 30704.500000, 46EFE100
[2][30]: 31304.500000, 46F49100
[2][31]: 31904.500000, 46F94100
[3][0]: 13868.580078, 4658B252
[3][1]: 14500.579102, 46629251
[3][2]: 15132.579102, 466C7251
[3][3]: 15764.579102, 46765251
[3][4]: 16396.580078, 46801929
[3][5]: 17028.580078, 46850929
[3][6]: 17660.580078, 4689F929
[3][7]: 18292.578125, 468EE928
[3][8]: 18924.578125, 4693D928
[3][9]: 19556.580078, 4698C929
[3][10]: 20188.580078, 469DB929
[3][11]: 20820.580078, 46A2A929
[3][12]: 21452.580078, 46A79929
[3][13]: 22084.582031, 46AC892A
[3][14]: 22716.580078, 46B17929
[3][15]: 23348.580078, 46B66929
[3][16]: 23980.580078, 46BB5929
[3][17]: 24612.580078, 46C04929
[3][18]: 25244.580078, 46C53929
[3][19]: 25876.580078, 46CA2929
[3][20]: 26508.580078, 46CF1929
[3][21]: 27140.580078, 46D40929
[3][22]: 27772.580078, 46D8F929
[3][23]: 28404.580078, 46DDE929
[3][24]: 29036.580078, 46E2D929
[3][25]: 29668.580078, 46E7C929
[3][26]: 30300.580078, 46ECB929
[3][27]: 30932.580078, 46F1A929
[3][28]: 31564.580078, 46F69929
[3][29]: 32196.580078, 46FB8929
[3][30]: 32828.582031, 47003C95
[3][31]: 33460.582031, 4702B495
[4][0]: 14432.661133, 466182A5
[4][1]: 15096.661133, 466BE2A5
[4][2]: 15760.660156, 467642A4
[4][3]: 16424.658203, 46805151
[4][4]: 17088.658203, 46858151
[4][5]: 17752.660156, 468AB152
[4][6]: 18416.660156, 468FE152
[4][7]: 19080.658203, 46951151
[4][8]: 19744.656250, 469A4150
[4][9]: 20408.658203, 469F7151
[4][10]: 21072.660156, 46A4A152
[4][11]: 21736.660156, 46A9D152
[4][12]: 22400.660156, 46AF0152
[4][13]: 23064.660156, 46B43152
[4][14]: 23728.660156, 46B96152
[4][15]: 24392.660156, 46BE9152
[4][16]: 25056.658203, 46C3C151
[4][17]: 25720.658203, 46C8F151
[4][18]: 26384.660156, 46CE2152
[4][19]: 27048.660156, 46D35152
[4][20]: 27712.660156, 46D88152
[4][21]: 28376.658203, 46DDB151
[4][22]: 29040.658203, 46E2E151
[4][23]: 29704.658203, 46E81151
[4][24]: 30368.658203, 46ED4151
[4][25]: 31032.658203, 46F27151
[4][26]: 31696.658203, 46F7A151
[4][27]: 32360.658203, 46FCD151
[4][28]: 33024.660156, 470100A9
[4][29]: 33688.660156, 470398A9
[4][30]: 34352.660156, 470630A9
[4][31]: 35016.660156, 4708C8A9
[5][0]: 14996.740234, 466A52F6
[5][1]: 15692.740234, 467532F6
[5][2]: 16388.740234, 4680097B
[5][3]: 17084.740234, 4685797B
[5][4]: 17780.740234, 468AE97B
[5][5]: 18476.740234, 4690597B
[5][6]: 19172.740234, 4695C97B
[5][7]: 19868.740234, 469B397B
[5][8]: 20564.740234, 46A0A97B
[5][9]: 21260.738281, 46A6197A
[5][10]: 21956.738281, 46AB897A
[5][11]: 22652.740234, 46B0F97B
[5][12]: 23348.740234, 46B6697B
[5][13]: 24044.740234, 46BBD97B
[5][14]: 24740.740234, 46C1497B
[5][15]: 25436.740234, 46C6B97B
[5][16]: 26132.740234, 46CC297B
[5][17]: 26828.740234, 46D1997B
[5][18]: 27524.740234, 46D7097B
[5][19]: 28220.740234, 46DC797B
[5][20]: 28916.740234, 46E1E97B
[5][21]: 29612.740234, 46E7597B
[5][22]: 30308.740234, 46ECC97B
[5][23]: 31004.740234, 46F2397B
[5][24]: 31700.740234, 46F7A97B
[5][25]: 32396.740234, 46FD197B
[5][26]: 33092.738281, 470144BD
[5][27]: 33788.738281, 4703FCBD
[5][28]: 34484.738281, 4706B4BD
[5][29]: 35180.738281, 47096CBD
[5][30]: 35876.738281, 470C24BD
[5][31]: 36572.738281, 470EDCBD
[6][0]: 15560.820312, 46732348
[6][1]: 16288.820312, 467E8348
[6][2]: 17016.820312, 4684F1A4
[6][3]: 17744.820312, 468AA1A4
[6][4]: 18472.820312, 469051A4
[6][5]: 19200.820312, 469601A4
[6][6]: 19928.820312, 469BB1A4
[6][7]: 20656.820312, 46A161A4
[6][8]: 21384.820312, 46A711A4
[6][9]: 22112.820312, 46ACC1A4
[6][10]: 22840.818359, 46B271A3
[6][11]: 23568.818359, 46B821A3
[6][12]: 24296.820312, 46BDD1A4
[6][13]: 25024.820312, 46C381A4
[6][14]: 25752.820312, 46C931A4
[6][15]: 26480.820312, 46CEE1A4
[6][16]: 27208.820312, 46D491A4
[6][17]: 27936.820312, 46DA41A4
[6][18]: 28664.820312, 46DFF1A4
[6][19]: 29392.820312, 46E5A1A4
[6][20]: 30120.820312, 46EB51A4
[6][21]: 30848.820312, 46F101A4
[6][22]: 31576.820312, 46F6B1A4
[6][23]: 32304.820312, 46FC61A4
[6][24]: 33032.820312, 470108D2
[6][25]: 33760.820312, 4703E0D2
[6][26]: 34488.820312, 4706B8D2
[6][27]: 35216.816406, 470990D1
[6][28]: 35944.816406, 470C68D1
[6][29]: 36672.816406, 470F40D1
[6][30]: 37400.816406, 471218D1
[6][31]: 38128.820312, 4714F0D2
[7][0]: 16124.900391, 467BF39A
[7][1]: 16884.900391, 4683E9CD
[7][2]: 17644.900391, 4689D9CD
[7][3]: 18404.898438, 468FC9CC
[7][4]: 19164.898438, 4695B9CC
[7][5]: 19924.900391, 469BA9CD
[7][6]: 20684.900391, 46A199CD
[7][7]: 21444.898438, 46A789CC
[7][8]: 22204.900391, 46AD79CD
[7][9]: 22964.900391, 46B369CD
[7][10]: 23724.900391, 46B959CD
[7][11]: 24484.896484, 46BF49CB
[7][12]: 25244.898438, 46C539CC
[7][13]: 26004.898438, 46CB29CC
[7][14]: 26764.900391, 46D119CD
[7][15]: 27524.900391, 46D709CD
[7][16]: 28284.900391, 46DCF9CD
[7][17]: 29044.900391, 46E2E9CD
[7][18]: 29804.900391, 46E8D9CD
[7][19]: 30564.900391, 46EEC9CD
[7][20]: 31324.900391, 46F4B9CD
[7][21]: 32084.898438, 46FAA9CC
[7][22]: 32844.902344, 47004CE7
[7][23]: 33604.902344, 470344E7
[7][24]: 34364.902344, 47063CE7
[7][25]: 35124.898438, 470934E6
[7][26]: 35884.898438, 470C2CE6
[7][27]: 36644.898438, 470F24E6
[7][28]: 37404.898438, 47121CE6
[7][29]: 38164.894531, 471514E5
[7][30]: 38924.894531, 47180CE5
[7][31]: 39684.894531, 471B04E5
[8][0]: 16688.980469, 468261F6
[8][1]: 17480.980469, 468891F6
[8][2]: 18272.980469, 468EC1F6
[8][3]: 19064.980469, 4694F1F6
[8][4]: 19856.980469, 469B21F6
[8][5]: 20648.980469, 46A151F6
[8][6]: 21440.980469, 46A781F6
[8][7]: 22232.980469, 46ADB1F6
[8][8]: 23024.980469, 46B3E1F6
[8][9]: 23816.980469, 46BA11F6
[8][10]: 24608.980469, 46C041F6
[8][11]: 25400.980469, 46C671F6
[8][12]: 26192.976562, 46CCA1F4
[8][13]: 26984.976562, 46D2D1F4
[8][14]: 27776.976562, 46D901F4
[8][15]: 28568.980469, 46DF31F6
[8][16]: 29360.980469, 46E561F6
[8][17]: 30152.980469, 46EB91F6
[8][18]: 30944.980469, 46F1C1F6
[8][19]: 31736.980469, 46F7F1F6
[8][20]: 32528.980469, 46FE21F6
[8][21]: 33320.980469, 470228FB
[8][22]: 34112.980469, 470540FB
[8][23]: 34904.980469, 470858FB
[8][24]: 35696.980469, 470B70FB
[8][25]: 36488.980469, 470E88FB
[8][26]: 37280.980469, 4711A0FB
[8][27]: 38072.980469, 4714B8FB
[8][28]: 38864.980469, 4717D0FB
[8][29]: 39656.980469, 471AE8FB
[8][30]: 40448.976562, 471E00FA
[8][31]: 41240.976562, 472118FA
[9][0]: 17253.060547, 4686CA1F
[9][1]: 18077.060547, 468D3A1F
[9][2]: 18901.060547, 4693AA1F
[9][3]: 19725.060547, 469A1A1F
[9][4]: 20549.060547, 46A08A1F
[9][5]: 21373.060547, 46A6FA1F
[9][6]: 22197.060547, 46AD6A1F
[9][7]: 23021.060547, 46B3DA1F
[9][8]: 23845.060547, 46BA4A1F
[9][9]: 24669.060547, 46C0BA1F
[9][10]: 25493.060547, 46C72A1F
[9][11]: 26317.060547, 46CD9A1F
[9][12]: 27141.060547, 46D40A1F
[9][13]: 27965.056641, 46DA7A1D
[9][14]: 28789.056641, 46E0EA1D
[9][15]: 29613.056641, 46E75A1D
[9][16]: 30437.060547, 46EDCA1F
[9][17]: 31261.060547, 46F43A1F
[9][18]: 32085.060547, 46FAAA1F
[9][19]: 32909.058594, 47008D0F
[9][20]: 33733.058594, 4703C50F
[9][21]: 34557.058594, 4706FD0F
[9][22]: 35381.058594, 470A350F
[9][23]: 36205.058594, 470D6D0F
[9][24]: 37029.058594, 4710A50F
[9][25]: 37853.062500, 4713DD10
[9][26]: 38677.058594, 4717150F
[9][27]: 39501.058594, 471A4D0F
[9][28]: 40325.058594, 471D850F
[9][29]: 41149.058594, 4720BD0F
[9][30]: 41973.058594, 4723F50F
[9][31]: 42797.054688, 47272D0E
[10][0]: 17817.138672, 468B3247
[10][1]: 18673.138672, 4691E247
[10][2]: 19529.140625, 46989248
[10][3]: 20385.140625, 469F4248
[10][4]: 21241.142578, 46A5F249
[10][5]: 22097.138672, 46ACA247
[10][6]: 22953.138672, 46B35247
[10][7]: 23809.138672, 46BA0247
[10][8]: 24665.138672, 46C0B247
[10][9]: 25521.138672, 46C76247
[10][10]: 26377.138672, 46CE1247
[10][11]: 27233.138672, 46D4C247
[10][12]: 28089.138672, 46DB7247
[10][13]: 28945.138672, 46E22247
[10][14]: 29801.138672, 46E8D247
[10][15]: 30657.138672, 46EF8247
[10][16]: 31513.138672, 46F63247
[10][17]: 32369.138672, 46FCE247
[10][18]: 33225.140625, 4701C924
[10][19]: 34081.140625, 47052124
[10][20]: 34937.140625, 47087924
[10][21]: 35793.136719, 470BD123
[10][22]: 36649.136719, 470F2923
[10][23]: 37505.136719, 47128123
[10][24]: 38361.140625, 4715D924
[10][25]: 39217.140625, 47193124
[10][26]: 40073.140625, 471C8924
[10][27]: 40929.140625, 471FE124
[10][28]: 41785.140625, 47233924
[10][29]: 42641.140625, 47269124
[10][30]: 43497.136719, 4729E923
[10][31]: 44353.136719, 472D4123
[11][0]: 18381.220703, 468F9A71
[11][1]: 19269.218750, 46968A70
[11][2]: 20157.218750, 469D7A70
[11][3]: 21045.218750, 46A46A70
[11][4]: 21933.218750, 46AB5A70
[11][5]: 22821.218750, 46B24A70
[11][6]: 23709.218750, 46B93A70
[11][7]: 24597.218750, 46C02A70
[11][8]: 25485.218750, 46C71A70
[11][9]: 26373.218750, 46CE0A70
[11][10]: 27261.218750, 46D4FA70
[11][11]: 28149.218750, 46DBEA70
[11][12]: 29037.218750, 46E2DA70
[11][13]: 29925.218750, 46E9CA70
[11][14]: 30813.218750, 46F0BA70
[11][15]: 31701.218750, 46F7AA70
[11][16]: 32589.218750, 46FE9A70
[11][17]: 33477.218750, 4702C538
[11][18]: 34365.218750, 47063D38
[11][19]: 35253.218750, 4709B538
[11][20]: 36141.218750, 470D2D38
[11][21]: 37029.218750, 4710A538
[11][22]: 37917.218750, 47141D38
[11][23]: 38805.218750, 47179538
[11][24]: 39693.218750, 471B0D38
[11][25]: 40581.218750, 471E8538
[11][26]: 41469.218750, 4721FD38
[11][27]: 42357.218750, 47257538
[11][28]: 43245.222656, 4728ED39
[11][29]: 44133.222656, 472C6539
[11][30]: 45021.222656, 472FDD39
[11][31]: 45909.218750, 47335538
[12][0]: 18945.300781, 4694029A
[12][1]: 19865.300781, 469B329A
[12][2]: 20785.298828, 46A26299
[12][3]: 21705.298828, 46A99299
[12][4]: 22625.298828, 46B0C299
[12][5]: 23545.298828, 46B7F299
[12][6]: 24465.298828, 46BF2299
[12][7]: 25385.298828, 46C65299
[12][8]: 26305.298828, 46CD8299
[12][9]: 27225.298828, 46D4B299
[12][10]: 28145.298828, 46DBE299
[12][11]: 29065.298828, 46E31299
[12][12]: 29985.298828, 46EA4299
[12][13]: 30905.298828, 46F17299
[12][14]: 31825.298828, 46F8A299
[12][15]: 32745.298828, 46FFD299
[12][16]: 33665.296875, 4703814C
[12][17]: 34585.296875, 4707194C
[12][18]: 35505.296875, 470AB14C
[12][19]: 36425.296875, 470E494C
[12][20]: 37345.296875, 4711E14C
[12][21]: 38265.296875, 4715794C
[12][22]: 39185.296875, 4719114C
[12][23]: 40105.296875, 471CA94C
[12][24]: 41025.296875, 4720414C
[12][25]: 41945.296875, 4723D94C
[12][26]: 42865.296875, 4727714C
[12][27]: 43785.296875, 472B094C
[12][28]: 44705.296875, 472EA14C
[12][29]: 45625.300781, 4732394D
[12][30]: 46545.300781, 4735D14D
[12][31]: 47465.300781, 4739694D
[13][0]: 19509.380859, 46986AC3
[13][1]: 20461.380859, 469FDAC3
[13][2]: 21413.380859, 46A74AC3
[13][3]: 22365.378906, 46AEBAC2
[13][4]: 23317.378906, 46B62AC2
[13][5]: 24269.380859, 46BD9AC3
[13][6]: 25221.380859, 46C50AC3
[13][7]: 26173.380859, 46CC7AC3
[13][8]: 27125.380859, 46D3EAC3
[13][9]: 28077.380859, 46DB5AC3
[13][10]: 29029.380859, 46E2CAC3
[13][11]: 29981.380859, 46EA3AC3
[13][12]: 30933.380859, 46F1AAC3
[13][13]: 31885.380859, 46F91AC3
[13][14]: 32837.378906, 47004561
[13][15]: 33789.378906, 4703FD61
[13][16]: 34741.378906, 4707B561
[13][17]: 35693.378906, 470B6D61
[13][18]: 36645.378906, 470F2561
[13][19]: 37597.375000, 4712DD60
[13][20]: 38549.375000, 47169560
[13][21]: 39501.375000, 471A4D60
[13][22]: 40453.378906, 471E0561
[13][23]: 41405.378906, 4721BD61
[13][24]: 42357.378906, 47257561
[13][25]: 43309.378906, 47292D61
[13][26]: 44261.378906, 472CE561
[13][27]: 45213.378906, 47309D61
[13][28]: 46165.378906, 47345561
[13][29]: 47117.378906, 47380D61
[13][30]: 48069.378906, 473BC561
[13][31]: 49021.378906, 473F7D61
[14][0]: 20073.460938, 469CD2EC
[14][1]: 21057.460938, 46A482EC
[14][2]: 22041.460938, 46AC32EC
[14][3]: 23025.460938, 46B3E2EC
[14][4]: 24009.458984, 46BB92EB
[14][5]: 24993.458984, 46C342EB
[14][6]: 25977.458984, 46CAF2EB
[14][7]: 26961.460938, 46D2A2EC
[14][8]: 27945.460938, 46DA52EC
[14][9]: 28929.460938, 46E202EC
[14][10]: 29913.460938, 46E9B2EC
[14][11]: 30897.460938, 46F162EC
[14][12]: 31881.460938, 46F912EC
[14][13]: 32865.460938, 47006176
[14][14]: 33849.460938, 47043976
[14][15]: 34833.460938, 47081176
[14][16]: 35817.460938, 470BE976
[14][17]: 36801.460938, 470FC176
[14][18]: 37785.460938, 47139976
[14][19]: 38769.460938, 47177176
[14][20]: 39753.460938, 471B4976
[14][21]: 40737.457031, 471F2175
[14][22]: 41721.457031, 4722F975
[14][23]: 42705.457031, 4726D175
[14][24]: 43689.464844, 472AA977
[14][25]: 44673.464844, 472E8177
[14][26]: 45657.460938, 47325976
[14][27]: 46641.460938, 47363176
[14][28]: 47625.460938, 473A0976
[14][29]: 48609.460938, 473DE176
[14][30]: 49593.460938, 4741B976
[14][31]: 50577.460938, 47459176
[15][0]: 20637.537109, 46A13B13
[15][1]: 21653.539062, 46A92B14
[15][2]: 22669.539062, 46B11B14
[15][3]: 23685.539062, 46B90B14
[15][4]: 24701.539062, 46C0FB14
[15][5]: 25717.537109, 46C8EB13
[15][6]: 26733.537109, 46D0DB13
[15][7]: 27749.539062, 46D8CB14
[15][8]: 28765.539062, 46E0BB14
[15][9]: 29781.539062, 46E8AB14
[15][10]: 30797.539062, 46F09B14
[15][11]: 31813.539062, 46F88B14
[15][12]: 32829.539062, 47003D8A
[15][13]: 33845.539062, 4704358A
[15][14]: 34861.539062, 47082D8A
[15][15]: 35877.539062, 470C258A
[15][16]: 36893.539062, 47101D8A
[15][17]: 37909.539062, 4714158A
[15][18]: 38925.539062, 47180D8A
[15][19]: 39941.539062, 471C058A
[15][20]: 40957.539062, 471FFD8A
[15][21]: 41973.539062, 4723F58A
[15][22]: 42989.535156, 4727ED89
[15][23]: 44005.535156, 472BE589
[15][24]: 45021.535156, 472FDD89
[15][25]: 46037.535156, 4733D589
[15][26]: 47053.542969, 4737CD8B
[15][27]: 48069.542969, 473BC58B
[15][28]: 49085.539062, 473FBD8A
[15][29]: 50101.539062, 4743B58A
[15][30]: 51117.539062, 4747AD8A
[15][31]: 52133.539062, 474BA58A
[16][0]: 21201.617188, 46A5A33C
[16][1]: 22249.617188, 46ADD33C
[16][2]: 23297.619141, 46B6033D
[16][3]: 24345.619141, 46BE333D
[16][4]: 25393.619141, 46C6633D
[16][5]: 26441.619141, 46CE933D
[16][6]: 27489.617188, 46D6C33C
[16][7]: 28537.619141, 46DEF33D
[16][8]: 29585.619141, 46E7233D
[16][9]: 30633.619141, 46EF533D
[16][10]: 31681.621094, 46F7833E
[16][11]: 32729.621094, 46FFB33E
[16][12]: 33777.621094, 4703F19F
[16][13]: 34825.617188, 4708099E
[16][14]: 35873.617188, 470C219E
[16][15]: 36921.617188, 4710399E
[16][16]: 37969.621094, 4714519F
[16][17]: 39017.621094, 4718699F
[16][18]: 40065.621094, 471C819F
[16][19]: 41113.617188, 4720999E
[16][20]: 42161.617188, 4724B19E
[16][21]: 43209.617188, 4728C99E
[16][22]: 44257.617188, 472CE19E
[16][23]: 45305.617188, 4730F99E
[16][24]: 46353.617188, 4735119E
[16][25]: 47401.617188, 4739299E
[16][26]: 48449.617188, 473D419E
[16][27]: 49497.617188, 4741599E
[16][28]: 50545.617188, 4745719E
[16][29]: 51593.617188, 4749899E
[16][30]: 52641.617188, 474DA19E
[16][31]: 53689.617188, 4751B99E
[17][0]: 21765.701172, 46AA0B67
[17][1]: 22845.697266, 46B27B65
[17][2]: 23925.697266, 46BAEB65
[17][3]: 25005.699219, 46C35B66
[17][4]: 26085.699219, 46CBCB66
[17][5]: 27165.699219, 46D43B66
[17][6]: 28245.699219, 46DCAB66
[17][7]: 29325.697266, 46E51B65
[17][8]: 30405.697266, 46ED8B65
[17][9]: 31485.699219, 46F5FB66
[17][10]: 32565.699219, 46FE6B66
[17][11]: 33645.699219, 47036DB3
[17][12]: 34725.703125, 4707A5B4
[17][13]: 35805.703125, 470BDDB4
[17][14]: 36885.703125, 471015B4
[17][15]: 37965.695312, 47144DB2
[17][16]: 39045.695312, 471885B2
[17][17]: 40125.703125, 471CBDB4
[17][18]: 41205.703125, 4720F5B4
[17][19]: 42285.703125, 47252DB4
[17][20]: 43365.695312, 472965B2
[17][21]: 44445.695312, 472D9DB2
[17][22]: 45525.695312, 4731D5B2
[17][23]: 46605.695312, 47360DB2
[17][24]: 47685.695312, 473A45B2
[17][25]: 48765.695312, 473E7DB2
[17][26]: 49845.695312, 4742B5B2
[17][27]: 50925.695312, 4746EDB2
[17][28]: 52005.703125, 474B25B4
[17][29]: 53085.703125, 474F5DB4
[17][30]: 54165.703125, 475395B4
[17][31]: 55245.699219, 4757CDB3
[18][0]: 22329.779297, 46AE738F
[18][1]: 23441.779297, 46B7238F
[18][2]: 24553.777344, 46BFD38E
[18][3]: 25665.777344, 46C8838E
[18][4]: 26777.779297, 46D1338F
[18][5]: 27889.779297, 46D9E38F
[18][6]: 29001.779297, 46E2938F
[18][7]: 30113.779297, 46EB438F
[18][8]: 31225.777344, 46F3F38E
[18][9]: 32337.777344, 46FCA38E
[18][10]: 33449.777344, 4702A9C7
[18][11]: 34561.777344, 470701C7
[18][12]: 35673.781250, 470B59C8
[18][13]: 36785.781250, 470FB1C8
[18][14]: 37897.781250, 471409C8
[18][15]: 39009.781250, 471861C8
[18][16]: 40121.781250, 471CB9C8
[18][17]: 41233.773438, 472111C6
[18][18]: 42345.773438, 472569C6
[18][19]: 43457.781250, 4729C1C8
[18][20]: 44569.781250, 472E19C8
[18][21]: 45681.781250, 473271C8
[18][22]: 46793.781250, 4736C9C8
[18][23]: 47905.781250, 473B21C8
[18][24]: 49017.781250, 473F79C8
[18][25]: 50129.781250, 4743D1C8
[18][26]: 51241.781250, 474829C8
[18][27]: 52353.781250, 474C81C8
[18][28]: 53465.773438, 4750D9C6
[18][29]: 54577.773438, 475531C6
[18][30]: 55689.781250, 475989C8
[18][31]: 56801.781250, 475DE1C8
[19][0]: 22893.861328, 46B2DBB9
[19][1]: 24037.861328, 46BBCBB9
[19][2]: 25181.861328, 46C4BBB9
[19][3]: 26325.857422, 46CDABB7
[19][4]: 27469.857422, 46D69BB7
[19][5]: 28613.859375, 46DF8BB8
[19][6]: 29757.859375, 46E87BB8
[19][7]: 30901.859375, 46F16BB8
[19][8]: 32045.859375, 46FA5BB8
[19][9]: 33189.855469, 4701A5DB
[19][10]: 34333.855469, 47061DDB
[19][11]: 35477.859375, 470A95DC
[19][12]: 36621.859375, 470F0DDC
[19][13]: 37765.859375, 471385DC
[19][14]: 38909.859375, 4717FDDC
[19][15]: 40053.863281, 471C75DD
[19][16]: 41197.863281, 4720EDDD
[19][17]: 42341.863281, 472565DD
[19][18]: 43485.855469, 4729DDDB
[19][19]: 44629.855469, 472E55DB
[19][20]: 45773.855469, 4732CDDB
[19][21]: 46917.863281, 473745DD
[19][22]: 48061.855469, 473BBDDB
[19][23]: 49205.855469, 474035DB
[19][24]: 50349.855469, 4744ADDB
[19][25]: 51493.855469, 474925DB
[19][26]: 52637.855469, 474D9DDB
[19][27]: 53781.855469, 475215DB
[19][28]: 54925.855469, 47568DDB
[19][29]: 56069.855469, 475B05DB
[19][30]: 57213.855469, 475F7DDB
[19][31]: 58357.855469, 4763F5DB
[20][0]: 23457.939453, 46B743E1
[20][1]: 24633.941406, 46C073E2
[20][2]: 25809.941406, 46C9A3E2
[20][3]: 26985.941406, 46D2D3E2
[20][4]: 28161.939453, 46DC03E1
[20][5]: 29337.937500, 46E533E0
[20][6]: 30513.941406, 46EE63E2
[20][7]: 31689.939453, 46F793E1
[20][8]: 32865.937500, 470061F0
[20][9]: 34041.937500, 4704F9F0
[20][10]: 35217.933594, 470991EF
[20][11]: 36393.933594, 470E29EF
[20][12]: 37569.937500, 4712C1F0
[20][13]: 38745.937500, 471759F0
[20][14]: 39921.937500, 471BF1F0
[20][15]: 41097.937500, 472089F0
[20][16]: 42273.937500, 472521F0
[20][17]: 43449.937500, 4729B9F0
[20][18]: 44625.937500, 472E51F0
[20][19]: 45801.937500, 4732E9F0
[20][20]: 46977.937500, 473781F0
[20][21]: 48153.937500, 473C19F0
[20][22]: 49329.937500, 4740B1F0
[20][23]: 50505.937500, 474549F0
[20][24]: 51681.937500, 4749E1F0
[20][25]: 52857.937500, 474E79F0
[20][26]: 54033.937500, 475311F0
[20][27]: 55209.937500, 4757A9F0
[20][28]: 56385.937500, 475C41F0
[20][29]: 57561.937500, 4760D9F0
[20][30]: 58737.937500, 476571F0
[20][31]: 59913.937500, 476A09F0
[21][0]: 24022.019531, 46BBAC0A
[21][1]: 25230.019531, 46C51C0A
[21][2]: 26438.019531, 46CE8C0A
[21][3]: 27646.019531, 46D7FC0A
[21][4]: 28854.019531, 46E16C0A
[21][5]: 30062.019531, 46EADC0A
[21][6]: 31270.017578, 46F44C09
[21][7]: 32478.019531, 46FDBC0A
[21][8]: 33686.019531, 47039605
[21][9]: 34894.019531, 47084E05
[21][10]: 36102.019531, 470D0605
[21][11]: 37310.015625, 4711BE04
[21][12]: 38518.015625, 47167604
[21][13]: 39726.015625, 471B2E04
[21][14]: 40934.015625, 471FE604
[21][15]: 42142.015625, 47249E04
[21][16]: 43350.015625, 47295604
[21][17]: 44558.015625, 472E0E04
[21][18]: 45766.015625, 4732C604
[21][19]: 46974.015625, 47377E04
[21][20]: 48182.015625, 473C3604
[21][21]: 49390.015625, 4740EE04
[21][22]: 50598.015625, 4745A604
[21][23]: 51806.015625, 474A5E04
[21][24]: 53014.015625, 474F1604
[21][25]: 54222.015625, 4753CE04
[21][26]: 55430.015625, 47588604
[21][27]: 56638.015625, 475D3E04
[21][28]: 57846.015625, 4761F604
[21][29]: 59054.015625, 4766AE04
[21][30]: 60262.015625, 476B6604
[21][31]: 61470.015625, 47701E04
[22][0]: 24586.099609, 46C01433
[22][1]: 25826.099609, 46C9C433
[22][2]: 27066.099609, 46D37433
[22][3]: 28306.099609, 46DD2433
[22][4]: 29546.099609, 46E6D433
[22][5]: 30786.099609, 46F08433
[22][6]: 32026.099609, 46FA3433
[22][7]: 33266.097656, 4701F219
[22][8]: 34506.097656, 4706CA19
[22][9]: 35746.101562, 470BA21A
[22][10]: 36986.101562, 47107A1A
[22][11]: 38226.101562, 4715521A
[22][12]: 39466.097656, 471A2A19
[22][13]: 40706.097656, 471F0219
[22][14]: 41946.097656, 4723DA19
[22][15]: 43186.097656, 4728B219
[22][16]: 44426.097656, 472D8A19
[22][17]: 45666.097656, 47326219
[22][18]: 46906.097656, 47373A19
[22][19]: 48146.097656, 473C1219
[22][20]: 49386.097656, 4740EA19
[22][21]: 50626.097656, 4745C219
[22][22]: 51866.097656, 474A9A19
[22][23]: 53106.097656, 474F7219
[22][24]: 54346.097656, 47544A19
[22][25]: 55586.097656, 47592219
[22][26]: 56826.097656, 475DFA19
[22][27]: 58066.097656, 4762D219
[22][28]: 59306.097656, 4767AA19
[22][29]: 60546.097656, 476C8219
[22][30]: 61786.097656, 47715A19
[22][31]: 63026.097656, 47763219
[23][0]: 25150.179688, 46C47C5C
[23][1]: 26422.179688, 46CE6C5C
[23][2]: 27694.179688, 46D85C5C
[23][3]: 28966.179688, 46E24C5C
[23][4]: 30238.179688, 46EC3C5C
[23][5]: 31510.179688, 46F62C5C
[23][6]: 32782.179688, 47000E2E
[23][7]: 34054.179688, 4705062E
[23][8]: 35326.175781, 4709FE2D
[23][9]: 36598.175781, 470EF62D
[23][10]: 37870.179688, 4713EE2E
[23][11]: 39142.179688, 4718E62E
[23][12]: 40414.179688, 471DDE2E
[23][13]: 41686.175781, 4722D62D
[23][14]: 42958.175781, 4727CE2D
[23][15]: 44230.175781, 472CC62D
[23][16]: 45502.175781, 4731BE2D
[23][17]: 46774.175781, 4736B62D
[23][18]: 48046.175781, 473BAE2D
[23][19]: 49318.179688, 4740A62E
[23][20]: 50590.179688, 47459E2E
[23][21]: 51862.179688, 474A962E
[23][22]: 53134.179688, 474F8E2E
[23][23]: 54406.179688, 4754862E
[23][24]: 55678.179688, 47597E2E
[23][25]: 56950.179688, 475E762E
[23][26]: 58222.179688, 47636E2E
[23][27]: 59494.179688, 4768662E
[23][28]: 60766.179688, 476D5E2E
[23][29]: 62038.179688, 4772562E
[23][30]: 63310.179688, 47774E2E
[23][31]: 64582.179688, 477C462E
[24][0]: 25714.259766, 46C8E485
[24][1]: 27018.259766, 46D31485
[24][2]: 28322.259766, 46DD4485
[24][3]: 29626.259766, 46E77485
[24][4]: 30930.259766, 46F1A485
[24][5]: 32234.259766, 46FBD485
[24][6]: 33538.261719, 47030243
[24][7]: 34842.261719, 47081A43
[24][8]: 36146.257812, 470D3242
[24][9]: 37450.257812, 47124A42
[24][10]: 38754.257812, 47176242
[24][11]: 40058.261719, 471C7A43
[24][12]: 41362.261719, 47219243
[24][13]: 42666.257812, 4726AA42
[24][14]: 43970.257812, 472BC242
[24][15]: 45274.257812, 4730DA42
[24][16]: 46578.253906, 4735F241
[24][17]: 47882.253906, 473B0A41
[24][18]: 49186.257812, 47402242
[24][19]: 50490.257812, 47453A42
[24][20]: 51794.257812, 474A5242
[24][21]: 53098.257812, 474F6A42
[24][22]: 54402.257812, 47548242
[24][23]: 55706.257812, 47599A42
[24][24]: 57010.257812, 475EB242
[24][25]: 58314.257812, 4763CA42
[24][26]: 59618.257812, 4768E242
[24][27]: 60922.257812, 476DFA42
[24][28]: 62226.257812, 47731242
[24][29]: 63530.257812, 47782A42
[24][30]: 64834.257812, 477D4242
[24][31]: 66138.257812, 47812D21
[25][0]: 26278.337891, 46CD4CAD
[25][1]: 27614.337891, 46D7BCAD
[25][2]: 28950.337891, 46E22CAD
[25][3]: 30286.337891, 46EC9CAD
[25][4]: 31622.337891, 46F70CAD
[25][5]: 32958.339844, 4700BE57
[25][6]: 34294.339844, 4705F657
[25][7]: 35630.339844, 470B2E57
[25][8]: 36966.339844, 47106657
[25][9]: 38302.339844, 47159E57
[25][10]: 39638.339844, 471AD657
[25][11]: 40974.339844, 47200E57
[25][12]: 42310.339844, 47254657
[25][13]: 43646.343750, 472A7E58
[25][14]: 44982.343750, 472FB658
[25][15]: 46318.339844, 4734EE57
[25][16]: 47654.339844, 473A2657
[25][17]: 48990.335938, 473F5E56
[25][18]: 50326.335938, 47449656
[25][19]: 51662.339844, 4749CE57
[25][20]: 52998.339844, 474F0657
[25][21]: 54334.339844, 47543E57
[25][22]: 55670.339844, 47597657
[25][23]: 57006.339844, 475EAE57
[25][24]: 58342.339844, 4763E657
[25][25]: 59678.339844, 47691E57
[25][26]: 61014.339844, 476E5657
[25][27]: 62350.339844, 47738E57
[25][28]: 63686.339844, 4778C657
[25][29]: 65022.339844, 477DFE57
[25][30]: 66358.335938, 47819B2B
[25][31]: 67694.335938, 4784372B
[26][0]: 26842.417969, 46D1B4D6
[26][1]: 28210.417969, 46DC64D6
[26][2]: 29578.417969, 46E714D6
[26][3]: 30946.417969, 46F1C4D6
[26][4]: 32314.417969, 46FC74D6
[26][5]: 33682.417969, 4703926B
[26][6]: 35050.417969, 4708EA6B
[26][7]: 36418.417969, 470E426B
[26][8]: 37786.421875, 47139A6C
[26][9]: 39154.421875, 4718F26C
[26][10]: 40522.417969, 471E4A6B
[26][11]: 41890.417969, 4723A26B
[26][12]: 43258.417969, 4728FA6B
[26][13]: 44626.417969, 472E526B
[26][14]: 45994.417969, 4733AA6B
[26][15]: 47362.421875, 4739026C
[26][16]: 48730.417969, 473E5A6B
[26][17]: 50098.417969, 4743B26B
[26][18]: 51466.414062, 47490A6A
[26][19]: 52834.414062, 474E626A
[26][20]: 54202.414062, 4753BA6A
[26][21]: 55570.417969, 4759126B
[26][22]: 56938.417969, 475E6A6B
[26][23]: 58306.414062, 4763C26A
[26][24]: 59674.414062, 47691A6A
[26][25]: 61042.414062, 476E726A
[26][26]: 62410.414062, 4773CA6A
[26][27]: 63778.414062, 4779226A
[26][28]: 65146.414062, 477E7A6A
[26][29]: 66514.414062, 4781E935
[26][30]: 67882.414062, 47849535
[26][31]: 69250.414062, 47874135
[27][0]: 27406.500000, 46D61D00
[27][1]: 28806.500000, 46E10D00
[27][2]: 30206.500000, 46EBFD00
[27][3]: 31606.500000, 46F6ED00
[27][4]: 33006.500000, 4700EE80
[27][5]: 34406.500000, 47066680
[27][6]: 35806.500000, 470BDE80
[27][7]: 37206.500000, 47115680
[27][8]: 38606.500000, 4716CE80
[27][9]: 40006.500000, 471C4680
[27][10]: 41406.500000, 4721BE80
[27][11]: 42806.500000, 47273680
[27][12]: 44206.500000, 472CAE80
[27][13]: 45606.500000, 47322680
[27][14]: 47006.500000, 47379E80
[27][15]: 48406.500000, 473D1680
[27][16]: 49806.500000, 47428E80
[27][17]: 51206.500000, 47480680
[27][18]: 52606.496094, 474D7E7F
[27][19]: 54006.496094, 4752F67F
[27][20]: 55406.496094, 47586E7F
[27][21]: 56806.496094, 475DE67F
[27][22]: 58206.496094, 47635E7F
[27][23]: 59606.500000, 4768D680
[27][24]: 61006.500000, 476E4E80
[27][25]: 62406.500000, 4773C680
[27][26]: 63806.500000, 47793E80
[27][27]: 65206.500000, 477EB680
[27][28]: 66606.500000, 47821740
[27][29]: 68006.500000, 4784D340
[27][30]: 69406.500000, 47878F40
[27][31]: 70806.500000, 478A4B40
[28][0]: 27970.582031, 46DA852A
[28][1]: 29402.580078, 46E5B529
[28][2]: 30834.580078, 46F0E529
[28][3]: 32266.580078, 46FC1529
[28][4]: 33698.582031, 4703A295
[28][5]: 35130.582031, 47093A95
[28][6]: 36562.582031, 470ED295
[28][7]: 37994.582031, 47146A95
[28][8]: 39426.582031, 471A0295
[28][9]: 40858.582031, 471F9A95
[28][10]: 42290.582031, 47253295
[28][11]: 43722.582031, 472ACA95
[28][12]: 45154.582031, 47306295
[28][13]: 46586.582031, 4735FA95
[28][14]: 48018.582031, 473B9295
[28][15]: 49450.582031, 47412A95
[28][16]: 50882.582031, 4746C295
[28][17]: 52314.582031, 474C5A95
[28][18]: 53746.582031, 4751F295
[28][19]: 55178.578125, 47578A94
[28][20]: 56610.578125, 475D2294
[28][21]: 58042.578125, 4762BA94
[28][22]: 59474.578125, 47685294
[28][23]: 60906.578125, 476DEA94
[28][24]: 62338.582031, 47738295
[28][25]: 63770.582031, 47791A95
[28][26]: 65202.582031, 477EB295
[28][27]: 66634.578125, 4782254A
[28][28]: 68066.578125, 4784F14A
[28][29]: 69498.578125, 4787BD4A
[28][30]: 70930.578125, 478A894A
[28][31]: 72362.578125, 478D554A
[29][0]: 28534.660156, 46DEED52
[29][1]: 29998.660156, 46EA5D52
[29][2]: 31462.658203, 46F5CD51
[29][3]: 32926.660156, 47009EA9
[29][4]: 34390.660156, 470656A9
[29][5]: 35854.660156, 470C0EA9
[29][6]: 37318.660156, 4711C6A9
[29][7]: 38782.660156, 47177EA9
[29][8]: 40246.660156, 471D36A9
[29][9]: 41710.660156, 4722EEA9
[29][10]: 43174.660156, 4728A6A9
[29][11]: 44638.660156, 472E5EA9
[29][12]: 46102.660156, 473416A9
[29][13]: 47566.664062, 4739CEAA
[29][14]: 49030.660156, 473F86A9
[29][15]: 50494.660156, 47453EA9
[29][16]: 51958.660156, 474AF6A9
[29][17]: 53422.660156, 4750AEA9
[29][18]: 54886.660156, 475666A9
[29][19]: 56350.660156, 475C1EA9
[29][20]: 57814.660156, 4761D6A9
[29][21]: 59278.660156, 47678EA9
[29][22]: 60742.660156, 476D46A9
[29][23]: 62206.656250, 4772FEA8
[29][24]: 63670.656250, 4778B6A8
[29][25]: 65134.656250, 477E6EA8
[29][26]: 66598.664062, 47821355
[29][27]: 68062.664062, 4784EF55
[29][28]: 69526.664062, 4787CB55
[29][29]: 70990.656250, 478AA754
[29][30]: 72454.656250, 478D8354
[29][31]: 73918.656250, 47905F54
[30][0]: 29098.740234, 46E3557B
[30][1]: 30594.740234, 46EF057B
[30][2]: 32090.742188, 46FAB57C
[30][3]: 33586.738281, 470332BD
[30][4]: 35082.742188, 47090ABE
[30][5]: 36578.738281, 470EE2BD
[30][6]: 38074.738281, 4714BABD
[30][7]: 39570.738281, 471A92BD
[30][8]: 41066.738281, 47206ABD
[30][9]: 42562.738281, 472642BD
[30][10]: 44058.738281, 472C1ABD
[30][11]: 45554.742188, 4731F2BE
[30][12]: 47050.742188, 4737CABE
[30][13]: 48546.742188, 473DA2BE
[30][14]: 50042.742188, 47437ABE
[30][15]: 51538.742188, 474952BE
[30][16]: 53034.742188, 474F2ABE
[30][17]: 54530.742188, 475502BE
[30][18]: 56026.742188, 475ADABE
[30][19]: 57522.742188, 4760B2BE
[30][20]: 59018.742188, 47668ABE
[30][21]: 60514.742188, 476C62BE
[30][22]: 62010.742188, 47723ABE
[30][23]: 63506.738281, 477812BD
[30][24]: 65002.738281, 477DEABD
[30][25]: 66498.734375, 4781E15E
[30][26]: 67994.734375, 4784CD5E
[30][27]: 69490.742188, 4787B95F
[30][28]: 70986.742188, 478AA55F
[30][29]: 72482.742188, 478D915F
[30][30]: 73978.742188, 47907D5F
[30][31]: 75474.742188, 4793695F
[31][0]: 29662.820312, 46E7BDA4
[31][1]: 31190.820312, 46F3ADA4
[31][2]: 32718.820312, 46FF9DA4
[31][3]: 34246.820312, 4705C6D2
[31][4]: 35774.816406, 470BBED1
[31][5]: 37302.816406, 4711B6D1
[31][6]: 38830.820312, 4717AED2
[31][7]: 40358.816406, 471DA6D1
[31][8]: 41886.816406, 47239ED1
[31][9]: 43414.816406, 472996D1
[31][10]: 44942.816406, 472F8ED1
[31][11]: 46470.816406, 473586D1
[31][12]: 47998.816406, 473B7ED1
[31][13]: 49526.820312, 474176D2
[31][14]: 51054.820312, 47476ED2
[31][15]: 52582.820312, 474D66D2
[31][16]: 54110.820312, 47535ED2
[31][17]: 55638.820312, 475956D2
[31][18]: 57166.820312, 475F4ED2
[31][19]: 58694.820312, 476546D2
[31][20]: 60222.820312, 476B3ED2
[31][21]: 61750.820312, 477136D2
[31][22]: 63278.820312, 47772ED2
[31][23]: 64806.820312, 477D26D2
[31][24]: 66334.820312, 47818F69
[31][25]: 67862.820312, 47848B69
[31][26]: 69390.812500, 47878768
[31][27]: 70918.812500, 478A8368
[31][28]: 72446.812500, 478D7F68
[31][29]: 73974.820312, 47907B69
[31][30]: 75502.820312, 47937769
[31][31]: 77030.820312, 47967369

